57	2	50	26	12	3	230	0	20	22
58	2	89	18	19	4	252	0	42	26
59	2	1	1	5	1	4	0	2	8
60	2	85	23	65	2	130	9	140	92
61	2	21	2	113	2	244	0	21	64
62	2	60	3	4	1	176	0	2	10
63	2	43	9	19	18	72	0	39	42
64	2	57	20	10	1	218	0	23	19
65	2	102	68	79	3	580	0	30	135
66	2	77	42	26	1	212	0	180	33
67	2	95	19	23	2	225	0	90	44
68	2	65	8	5	0	238	0	13	6
69	2	106	20	23	1	208	0	151	35
70	2	130	72	53	2	204	0	326	108
71	2	2	6	12	1	10	0	12	26
72	2	57	21	5	2	205	23	1	10
73	2	70	25	21	1	199	0	81	38
74	2	56	15	9	1	190	0	35	13
75	2	68	3	4	1	193	0	7	12
76	2	110	20	120	10	285	0	95	190
77	2	74	22	5	1	169	0	141	8
78	2	55	25	14	2	270	0	25	16
79	2	84	6	6	1	246	0	11	12
80	2	46	22	8	0	240	0	8	3
81	2	42	5	114	3	48	0	87	166
82	2	76	5	38	1	230	0	14	40
83	2	121	50	92	21	392	0	231	110
84	2	69	24	17	0	184	0	54	32
85	2	103	39	3	0	464	0	11	8
86	2	119	49	47	2	421	0	89	125
87	2	319	139	66	3	307	0	1006	79
88	2	138	70	116	40	459	0	296	144
89	2	112	94	105	5	524	0	103	268
90	2	83	20	9	1	278	18	27	9
91	2	67	4	7	0	196	0	5	14
92	2	94	15	24	1	223	0	49	29
93	2	87	37	11	0	295	0	140	16
94	2	186	73	50	3	237	0	512	80
95	2	108	33	34	1	331	0	116	79
96	2	47	47	14	14	163	0	52	13
97	2	72	55	3	1	374	0	110	9
98	2	230	30	380	5	325	0	120	730
99	2	15	3	80	1	150	0	34	49
100	2	41	32	9	1	225	0	45	11
101	2	72	12	40	2	238	0	48	49
102	2	80	10	20	0	230	0	25	20
103	2	1	3	13	3	21	0	2	17
104	2	42	3	5	1	128	0	4	11
105	2	131	54	20	4	281	15	259	29
106	2	65	9	11	0	202	0	22	15
107	2	101	53	2	1	413	0	135	7
108	2	75	14	3	0	266	0	10	6
109	2	208	79	38	4	245	0	565	72
110	2	63	29	12	0	250	0	32	19
111	2	92	27	15	1	214	0	119	25
112	2	87	59	141	8	268	0	175	259
113	2	76	16	2	0	296	0	17	7
114	2	79	23	30	2	191	0	93	47
115	2	58	16	35	0	140	0	35	66
116	2	69	61	253	8	243	0	79	440
117	2	37	25	10	0	177	10	18	27
118	2	73	28	146	4	290	0	53	234
119	2	71	73	114	3	310	0	92	252
120	2	73	17	8	3	265	0	26	16
121	2	56	26	46	2	267	0	4	86
122	2	124	39	140	5	154	20	299	180
123	2	43	11	57	17	228	0	27	59
124	2	162	78	13	3	340	0	398	20
125	2	125	48	166	13	382	0	84	349
126	2	103	9	15	0	274	0	13	43
127	2	83	36	42	0	352	0	45	60
128	2	63	20	25	1	234	0	0	39
129	2	56	20	3	1	228	8	6	7
130	2	35	11	50	3	91	0	16	97
131	2	121	38	64	3	204	0	240	101
132	2	56	4	5	0	130	0	22	8
133	2	75	12	15	2	242	0	8	32
134	2	112	47	79	1	376	0	162	94
135	2	70	8	3	1	210	0	20	10
136	2	94	6	21	3	280	0	17	26
137	2	111	4	18	1	197	0	17	50
138	2	46	11	5	1	168	0	9	13
139	2	42	23	55	3	112	0	88	97
140	2	75	6	6	0	223	0	10	13
141	2	126	31	31	2	415	0	52	42
142	2	47	5	5	0	148	0	7	7
143	2	45	12	3	1	165	0	7	5
144	2	255	91	194	7	421	0	528	343
145	2	84	20	5	0	350	0	21	4
146	2	85	44	108	6	344	0	21	190
147	2	81	23	24	1	317	0	37	31
148	2	114	12	50	4	281	0	53	234
149	2	240	52	52	5	165	0	656	112
150	2	122	13	31	1	170	0	50	116
151	2	60	21	7	0	238	7.2	20	11
152	2	130	24	129	2	230	0	92	240
153	2	100	30	7	1	232	0	164	11
154	2	70	7	9	1	225	0	6	15
155	2	82	71	66	2	377	0	206	101
156	2	213	49	144	6	429	0	263	228
157	2	106	23	14	8	294	0	90	23
158	2	61	22	82	3	270	2.4	60	66
159	2	55	3	7	1	165	15	12	11
160	2	38	12	3	2	141	11	11	9
161	2	106	16	91	1	271	0	62	160
162	2	87	25	53	3	351	0	35	81
163	2	229	138	194	7	283	0	833	250
164	2	39	11	4	0	136	3.6	14	7
165	2	74	36	48	7	171	0	125	110
166	2	85	6	4	1	259	5	10	7
167	2	50	10	1	0	188	0	7	3
168	2	125	34	41	4	206	0	91	161
169	2	75	32	25	3	196	0	54	83
170	2	62	11	3	1	206	0	8	6
171	2	104	7	12	4	256	20	15	20
172	2	60	18	72	1	315	0	20	55
173	2	105	51	130	3	247	0	60	304
174	2	60	28	17	2	237	0	33	39
175	2	100	39	44	0	482	0	6	61
176	2	103	36	68	1	212	0	113	143
177	2	13	5	56	3	62	0	1	91
178	2	61	45	3	0	347	0	52	5
179	2	85	46	47	2	455	0	17	77
180	2	46	41	3	1	330	0	7	5
181	2	51	27	92	6	162	0	96	118
182	2	96	60	12	2	320	0	169	16
183	2	60	23	5	0	268	0	3	10
184	2	443	99	9	1	338	0	1270	13
185	2	46	5	5	0	147	0	6	7
186	2	52	38	2	1	323	0	16	6
187	2	210	40	67	4	250	9	362	104
188	2	249	103	125	5	277	0	830	135
189	2	102	43	138	1	440	0	136	145
190	2	120	35	15	1	266	0	132	47
191	2	65	6	10	3	171	0	38	18
192	2	64	9	10	0	186	0	19	18
193	2	54	24	3	0	255	0	10	3
194	2	110	53	21	1	232	0	302	44
195	2	129	30	100	7	298	18	140	151
196	2	107	10	17	21	218	8	78	29
197	2	70	9	3	0	262	0	7	5
198	2	202	45	38	3	200	13	453	62
199	2	150	22	15	6	282	0	157	18
200	2	72	61	136	4	256	0	120	254
201	2	66	40	63	6	205	0	54	158
202	2	56	17	90	1	250	0	62	111
203	2	19	100	11	1	458	32	30	19
204	2	49	18	3	1	230	0	8	3
205	2	41	16	1	1	183	0	5	2
206	2	140	25	26	7	273	5	148	60
207	2	76	52	2	0	439	3.6	5	9
208	2	66	32	10	1	260	0	67	14
209	2	119	84	81	8	260	0	78	374
210	2	41	22	2	1	214	0	5	4
211	2	160	35	21	3	239	0	302	30
212	2	90	19	3	4	310	0	18	14
213	2	55	36	7	1	227	0	47	23
214	2	50	21	1	0	233	0	24	2
215	2	50	24	9	1	198	16	27	17
216	2	48	3	2	0	134	0	13	5
217	2	73	23	79	18	268	0	250	10
218	2	85	6	10	2	245	0	8	21
219	2	67	37	39	5	227	0	75	80
220	2	52	24	2	0	201	0	64	3
221	2	82	10	9	0	301	0	6	12
222	2	35	10	13	1	134	0	27	15
223	2	80	22	52	1	223	0	57	94
224	2	20	24	2	0	153	5	12	4
225	2	110	23	2	1	384	0	36	4
226	2	73	26	118	1	199	0	80	148
227	2	158	86	136	16	271	0	404	254
228	2	89	66	55	2	523	0	6	112
229	2	66	8	76	2	189	0	60	92
230	2	270	58	52	3	168	0	504	112
231	2	84	21	29	7	241	0	88	35
232	2	69	30	34	0	269	0	118	30
233	2	41	16	6	1	169	0	22	11
234	2	38	25	19	1	155	4	28	47
235	2	11	2	113	1	176	9	79	28
236	2	42	18	12	0	151	0	11	27
237	2	92	47	240	3	219	0	28	460
238	2	191	28	63	38	331	0	113	135
239	2	117	10	13	6	246	0	78	22
240	2	206	60	65	3	208	0	574	80
241	2	91	6	3	0	118	0	7	6
242	2	120	23	16	29	447	0	55	18
243	2	64	8	1	1	206	0	21	2
244	2	82	33	13	1	217	0	107	30
245	2	75	54	16	2	322	0	90	30
246	2	37	15	29	2	215	0	3	30
247	2	76	56	100	4	442	0	25	154
248	2	184	52	48	2	251	0	468	88
249	2	57	15	4	1	227	0	21	3
250	2	134	50	127	3	434	0	149	164
251	2	81	55	22	1	366	0	62	61
252	2	45	5	11	1	128	0	10	22
253	2	86	10	11	1	310	0	8	10
254	2	58	11	32	6	247	0	5	12
255	2	143	89	74	3	275	0	443	150
256	2	174	61	242	6	254	0	99	660
257	2	86	12	2	1	235	0	30	4
258	2	150	15	40	1	275	0	80	65
259	2	43	30	301	5	513	0	85	235
260	2	72	25	5	0	274	0	34	11
261	2	20	8	270	2	233	0	236	170
262	2	140	21	50	3	203	0	237	52
263	2	183	27	42	1	184	0	341	42
264	2	5	10	8	4	52	2.4	8	12
265	2	133	36	29	6	285	0	141	43
266	2	43	35	10	1	177	0	46	20
267	2	143	27	77	27	366	39	154	67
268	2	84	4	8	2	254	0	12	21
269	2	75	56	73	5	307	20	206	73
270	2	116	85	101	2	320	0	260	196
271	2	8	24	18	0	44	0	20	48
272	2	2	2	145	0	160	0	23	103
273	2	51	39	6	1	281	0	62	13
274	2	74	18	5	1	209	10	50	9
275	2	234	55	59	2	201	0	505	118
276	2	3	2	14	0	6	0	4	26
277	2	147	24	37	3	317	0	154	67
278	2	117	81	97	3	586	0	86	163
279	2	50	38	14	1	222	0	102	35
280	2	75	24	2	1	356	0	14	5
281	2	32	10	36	2	79	0	65	34
282	2	43	14	68	1	243	0	41	35
283	2	32	58	47	1	284	0	70	70
284	2	56	3	3	0	165	0	5	7
285	2	60	40	4	3	260	0	87	15
286	2	126	22	44	2	222	0	125	50
287	2	91	7	6	1	291	5	10	6
288	2	49	22	54	3	203	0	54	70
289	2	52	49	9	3	350	0	37	12
290	2	58	19	8	1	264	0	17	11
291	2	88	5	12	2	251	0	17	22
292	2	79	16	32	11	12	0	50	63
293	2	13	3	118	2	248	0	17	60
294	2	159	46	50	2	167	0	424	78
295	2	61	19	14	0	179	0	45	20
296	2	180	12	49	49	258	0	22	229
297	2	89	60	8	0	437	0	97	16
298	2	82	31	93	7	311	0	23	140
299	2	138	79	95	1	244	0	300	165
300	2	71	41	167	19	277	0	144	279
301	2	31	24	3	0	162	4	30	5
302	2	88	2	13	0	239	0	6	23
303	2	86	59	6	1	292	0	152	11
304	2	57	6	2	0	196	0	9	3
305	2	53	53	83	4	277	4	136	84
306	2	135	13	20	1	275	0	70	45
307	2	1	3	11	0	8	0	3	19
308	2	58	19	5	2	212	0	50	10
309	2	170	44	100	3	306	0	230	160
310	2	10	13	18	0	58	0	11	36
311	2	56	9	10	0	170	0	24	15
312	2	78	29	7	2	281	20	41	11
313	2	74	11	7	1	190	0	50	11
314	2	64	58	45	2	238	0	162	67
315	2	43	21	3	1	218	0	20	4
316	2	66	27	29	1	207	0	123	39
317	2	180	33	86	1	296	0	82	290
318	2	84	13	8	0	260	0	33	12
319	2	45	30	19	1	223	0	15	36
320	2	114	27	57	4	298	10	123	83
321	2	56	27	2	1	205	0	59	6
322	2	42	9	7	1	156	0	5	15
323	2	56	19	2	1	236	0	14	3
324	2	57	5	6	0	173	0	2	14
325	2	44	61	13	1	318	0	88	14
326	2	42	8	18	1	180	0	14	18
327	2	79	39	46	20	81	0	237	99
328	2	109	8	11	4	225	0	76	25
329	2	73	41	6	0	332	0	38	12
330	2	157	50	7	2	291	0	312	16
331	2	26	11	48	1	148	0	12	31
332	2	132	52	99	3	186	0	280	148
333	2	61	47	126	4	237	23	47	235
334	2	41	12	39	2	117	0	86	40
335	2	183	43	37	2	195	0	338	81
336	2	42	9	2	0	121	8.4	20	1
337	2	22	22	55	6	214	4	49	29
338	2	59	28	9	1	260	0	31	17
339	2	148	13	35	3	177	0	40	63
340	2	64	11	49	3	125	0	34	87
341	2	73	34	4	1	280	0	54	6
342	2	240	63	108	4	190	0	568	129
343	2	102	24	8	1	275	15	99	20
344	2	13	13	6	0	85	0	5	12
345	2	53	26	5	0	254	0	18	9
346	2	90	1	6	1	255	0	4	10
347	2	206	63	55	3	276	18	518	88
348	2	108	68	72	5	270	0	212	131
349	2	74	45	2	0	410	0	17	7
350	2	128	42	35	0	212	0	227	77
351	2	84	24	6	0	340	0	10	10
352	2	186	108	130	6	330	5	191	451
353	2	53	36	6	0	283	0	25	13
354	2	68	33	6	0	320	0	23	11
355	2	64	27	4	0	304	0	3	7
356	2	112	50	62	2	288	0	236	96
357	2	56	30	4	2	301	0	13	7
358	2	33	24	11	1	90	5	75	22
359	2	295	65	50	3	200	0	770	65
360	2	101	23	38	12	247	0	125	77
361	2	100	32	63	5	204	0	129	104
362	2	94	21	57	2	185	0	32	154
363	2	18	20	9	0	126	3	9	20
364	2	80	35	15	3	302	0	23	42
365	2	73	26	19	0	256	0	19	39
366	2	42	32	10	1	223	2	19	28
367	2	31	18	3	0	183	0	5	6
368	2	84	22	10	1	283	0	56	8
369	2	163	31	34	4	235	0	347	17
370	2	62	13	4	1	222	15	1	5
371	2	54	17	18	2	179	2	7	41
372	2	61	4	2	2	143	0	43	7
373	2	3	1	29	0	32	12	19	8
374	2	45	10	3	1	173	0	8	3
375	2	68	21	66	2	187	0	78	94
376	2	29	10	71	4	104	0	30	101
377	2	61	26	5	1	278	13	11	9
378	2	41	32	57	2	201	0	67	90
379	2	82	27	17	2	314	0	25	35
380	2	148	26	10	1	259	0	245	14
381	2	86	31	119	9	268	10	305	32
382	2	82	7	10	0	265	0	11	14
383	2	231	27	30	1	254	0	300	101
384	2	63	18	9	0	183	0	60	12
385	2	68	10	13	0	215	0	23	17
386	2	45	36	1	1	300	0	6	4
387	2	79	60	113	5	263	0	185	165
388	2	96	53	23	2	256	0	128	80
389	2	130	39	13	2	130	0	336	21
390	2	159	8	19	0	163	0	24	55
391	2	90	32	16	1	217	0	133	24
392	2	70	50	61	11	241	13	103	79
393	2	84	11	16	2	90	0	63	26
394	2	1	1	8	0	19	0	5	2
395	2	83	12	14	2	214	7	26	39
396	2	73	6	19	1	201	0	41	20
397	2	55	24	9	1	248	0	14	12
398	2	4	2	4	0	5	0	7	9
399	2	174	39	86	4	195	0	344	136
400	2	79	29	9	1	328	3	26	13
401	2	77	50	42	7	230	0	135	99
402	2	240	77	9	0	167	0	644	12
403	2	34	5	4	1	109	0	4	10
404	2	226	7	35	1	162	0	12	130
405	2	115	50	120	5	193	0	271	184
406	2	95	32	33	2	284	0	126	39
407	2	67	14	16	9	222	0	31	19
408	2	204	68	52	3	262	0	402	168
409	2	61	38	10	1	274	0	58	20
410	2	165	72	4	1	223	0	472	4
411	2	33	36	5	0	263	0	4	7
412	2	64	45	3	0	336	6	15	7
413	2	90	25	19	1	252	0	48	48
414	2	119	26	58	3	408	0	29	103
415	2	88	25	13	2	290	13	40	27
416	2	128	42	13	1	262	0	207	37
417	2	64	4	2	1	172	0	24	4
418	2	96	43	15	1	333	0	116	29
419	2	39	27	15	1	161	4	38	42
420	2	2	2	307	1	288	1	134	171
421	2	79	56	33	3	250	0	186	67
422	2	77	40	98	4	348	0	28	144
423	2	80	50	18	3	330	0	75	39
424	2	112	3	12	0	295	0	8	19
425	2	22	26	23	2	183	0	9	32
426	2	158	61	101	4	320	0	300	156
427	2	108	39	182	8	372	0	38	286
428	2	44	24	40	2	128	0	47	97
429	2	61	18	20	1	134	0	110	26
430	2	118	7	4	4	286	0	45	10
431	2	29	12	3	0	135	0	6	2
432	2	31	24	6	1	195	0	4	10
433	2	95	14	4	1	318	0	15	8
434	2	63	28	13	1	267	0	27	33
435	2	133	43	151	2	260	0	246	230
436	2	121	62	16	2	176	0	359	32
437	2	167	42	75	4	276	0	308	122
438	2	183	12	13	0	255	0	130	44
439	2	110	46	13	3	302	7	191	26
440	2	171	34	45	2	388	0	252	81
441	2	115	51	24	5	354	0	163	37
442	2	154	50	101	62	225	0	392	130
443	2	4	3	3	0	25	0	8	1
444	2	45	17	3	0	177	0	26	5
445	2	72	20	7	0	251	0	38	11
446	2	114	66	134	17	543	0	121	182
447	2	21	4	29	1	124	0	8	11
448	2	74	77	230	7	282	0	256	320
449	2	111	36	42	3	308	0	129	51
450	2	53	39	80	4	221	0	113	105
451	2	55	22	2	0	259	0	11	6
452	2	61	21	6	1	262	0	19	8
453	2	90	31	21	1	260	0	122	26
454	2	111	32	34	1	174	0	216	59
455	2	87	10	18	10	245	0	35	19
456	2	98	78	240	4	245	6	371	317
457	2	98	29	13	1	340	0	49	24
458	2	120	24	323	4	1180	0	13	68
459	2	66	30	3	0	291	0	13	8
460	2	64	15	14	0	211	0	9	27
461	2	30	15	2	0	145	0	17	4
462	2	72	12	15	0	232	0	22	24
463	2	5	2	10	0	17	0	4	15
464	2	61	44	116	4	217	0	168	139
465	2	155	30	98	47	428	0	194	130
466	2	108	37	44	3	188	0	234	66
467	2	185	30	4	2	236	0	350	6
468	2	4	3	17	3	31	0	1	25
469	2	87	28	7	1	228	0	120	10
470	2	174	16	13	0	274	0	247	13
471	2	111	27	33	4	172	0	158	50
472	2	129	39	6	1	277	0	185	26
473	2	136	73	120	3	231	0	422	136
474	2	162	71	256	6	288	0	288	500
475	2	41	46	4	1	294	0	27	9
476	2	112	49	79	3	250	0	200	121
477	2	47	14	89	1	180	0	70	81
478	2	112	18	28	5	249	0	80	51
479	2	65	26	7	0	286	0	21	9
480	2	60	13	76	3	176	6	77	104
481	2	30	6	3	0	103	0	8	6
482	2	93	53	243	8	390	0	47	388
483	2	197	61	84	3	78	0	463	140
484	2	87	25	194	4	128	0	164	302
485	2	40	29	17	1	218	0	16	18
486	2	134	28	79	2	356	13	66	166
487	2	84	22	43	2	287	0	25	66
488	2	38	29	32	1	167	8	69	55
489	2	4	3	17	1	16	0	2	30
490	2	136	24	12	3	390	0	95	28
491	2	220	36	58	1	205	0	270	157
492	2	78	11	15	1	142	0	79	31
493	2	75	12	12	3	266	0	26	9
494	2	145	90	87	3	246	0	436	142
495	2	41	5	3	0	131	0	15	2
496	2	47	21	1	0	247	0	8	1
497	2	136	58	260	4	408	0	452	240
498	2	188	33	201	5	239	0	316	311
499	2	85	15	15	0	240	0	35	17
500	2	115	81	216	8	151	0	58	660
501	2	108	57	52	7	243	0	127	67
502	2	122	45	10	2	204	0	312	28
503	2	134	54	72	3	265	0	222	118
504	2	145	46	22	10	311	0	256	49
505	2	132	128	42	0	310	0	480	77
506	2	74	15	16	0	258	0	5	33
507	2	111	69	271	7	205	0	304	424
508	2	74	43	45	1	364	0	39	56
509	2	48	54	25	3	248	0	151	38
510	2	51	16	12	3	240	0	13	7
511	2	96	8	1	1	274	0	27	5
512	2	74	18	67	4	250	0	15	123
513	2	56	26	2	0	282	0	4	3
514	2	52	18	55	5	260	0	27	50
515	2	220	37	12	1	218	0	486	17
516	2	85	18	25	0	270	0	40	25
517	2	77	14	3	0	212	0	43	11
518	2	50	10	33	64	215	0	55	29
519	2	69	28	30	2	250	0	45	57
520	2	68	65	6	1	306	0	127	11
521	2	70	34	8	1	330	0	22	13
522	2	128	39	106	6	310	0	246	135
523	2	400	1045	335	47	421	24	4800	568
524	2	120	31	27	4	247	3	147	35
525	2	160	14	25	1	300	0	95	60
526	2	92	34	2	0	244	0	134	8
527	2	88	39	2	0	335	0	73	9
528	2	75	29	12	1	267	0	35	20
529	2	54	17	93	7	209	0	54	102
530	2	140	56	37	1	435	0	204	61
531	2	100	1	2	1	234	0	19	1
532	2	57	34	10	1	242	0	57	35
533	2	47	10	30	47	120	0	29	47
534	2	137	89	148	5	15	0	23	655
535	2	183	31	67	1	212	0	315	121
536	2	94	8	6	0	281	0	19	9
537	2	41	11	24	1	191	0	21	5
538	2	116	32	109	5	331	0	142	158
539	2	140	30	72	8	136	0	181	84
540	2	101	13	9	1	162	0	143	16
541	2	107	11	16	0	249	0	40	36
542	2	112	93	108	5	364	0	259	198
543	2	180	54	260	11	352	0	244	436
544	2	212	58	9	1	244	0	554	23
545	2	112	59	70	5	360	0	184	128
546	2	55	25	38	1	231	14	44	22
547	2	11	9	96	1	165	12	29	39
548	2	96	17	5	1	360	0	28	7
549	2	102	34	10	1	414	0	30	13
550	2	116	23	14	3	239	9	100	37
551	2	113	46	73	3	211	0	280	93
552	2	164	40	53	3	368	0	190	73
553	2	116	33	53	5	233	0	73	111
554	2	56	37	33	1	178	10	127	32
555	2	73	43	3	0	392	0	5	6
556	2	62	2	5	1	204	0	9	5
557	2	68	31	14	1	285	2	32	30
558	2	77	19	26	1	269	0	35	44
559	2	78	20	3	1	247	0	59	7
560	2	90	18	6	1	215	0	126	11
561	2	446	58	63	4	316	0	940	111
562	2	75	44	109	7	354	0	21	170
563	2	29	46	7	0	267	26	8	7
564	2	66	10	16	12	193	0	30	18
565	2	10	5	10	0	54	0	8	15
566	2	25	6	15	0	32	0	41	17
567	2	91	33	56	16	281	0	25	113
568	2	183	68	144	5	358	15	412	163
569	2	81	5	5	0	244	0	9	6
570	2	77	50	44	2	229	0	231	72
571	2	86	44	211	10	285	0	86	320
572	2	154	57	45	7	484	0	162	61
573	2	53	49	190	14	278	0	177	224
574	2	90	63	20	2	384	0	41	99
575	2	71	24	14	1	204	23	33	30
576	2	8	5	10	2	50	0	7	9
577	2	60	17	2	1	223	0	19	5
578	2	3	1	3	2	9	0	3	8
579	2	62	30	71	5	264	0	12	101
580	2	50	19	3	1	220	0	11	7
581	2	62	9	3	2	202	0	9	7
582	2	52	17	4	0	219	0	2	11
583	2	38	24	30	8	220	0	11	46
584	2	97	29	163	12	300	0	201	154
585	2	119	32	18	3	194	0	182	54
586	2	111	10	18	9	260	0	21	29
587	2	105	12	12	2	271	5	64	24
588	2	178	21	51	4	326	0	138	103
589	2	93	36	59	3	330	0	63	117
590	2	198	57	83	3	332	0	378	133
591	2	75	50	20	1	318	14	55	52
592	2	124	31	43	5	329	0	145	39
593	2	150	66	109	4	199	0	440	141
594	2	15	164	33	0	244	0	109	93
595	2	110	59	44	4	454	0	140	39
596	2	180	92	292	4	330	0	468	558
597	2	45	35	57	4	214	0	114	66
598	2	68	20	3	0	284	0	12	6
599	2	42	26	6	1	209	14	19	15
600	2	50	10	34	0	140	0	2	56
601	2	219	70	89	4	315	0	411	153
602	2	80	5	33	0	169	0	16	83
603	2	76	16	13	0	281	0	6	16
604	2	217	91	140	5	188	0	647	233
605	2	168	83	242	18	252	0	470	275
606	2	143	57	3	1	287	0	316	8
607	2	86	29	6	1	311	0	62	15
608	2	74	52	114	1	329	0	110	186
609	2	160	31	133	23	282	0	260	201
610	2	109	38	16	4	376	0	88	20
611	2	144	19	9	2	350	0	104	30
612	2	139	62	140	4	405	0	339	149
613	2	85	27	49	2	266	0	112	58
614	2	74	17	12	0	236	0	42	19
615	2	72	2	4	1	143	0	36	10
616	2	120	43	12	2	290	0	222	19
617	2	49	60	33	1	216	0	129	78
618	2	117	73	101	4	226	0	303	184
619	2	4	3	19	2	18	0	1	31
620	2	87	25	4	1	340	0	26	9
621	2	75	7	9	1	215	0	27	14
622	2	8	1	6	0	7	0	6	11
623	2	13	11	1	0	81	0	13	2
624	2	15	6	12	1	53	0	15	22
625	2	88	43	109	7	362	0	33	177
626	2	82	21	8	0	278	0	10	28
627	2	81	5	9	1	201	0	8	27
628	2	100	29	63	2	299	0	85	107
629	2	86	31	2	0	312	0	26	11
630	2	99	22	40	2	242	0	73	78
631	2	92	53	26	9	303	0	105	55
632	2	126	48	32	2	237	0	164	119
633	2	202	45	3	1	161	0	495	8
634	2	114	51	212	7	464	0	93	370
635	2	51	24	18	2	209	0	19	24
636	2	43	35	11	1	225	14	25	26
637	2	121	34	14	1	238	0	228	18
638	2	36	77	65	1	338	0	140	96
639	2	89	12	18	3	252	0	48	30
640	2	41	21	16	1	147	0	54	27
641	2	53	30	6	1	276	0	26	8
642	2	84	1	10	0	216	0	10	18
643	2	221	18	24	3	416	0	90	66
644	2	60	31	14	1	305	0	15	28
645	2	53	40	97	3	268	0	74	127
646	2	119	69	34	7	415	0	144	100
647	2	133.8	26	2.2	0	298.9	0	138.5	75
648	2	384	116	84	8	259	18	1005	191
649	2	60	43	1	1	360	0	31	6
650	2	170	51	15	1	297	0	308	39
651	2	93	18	3	1	298	18	25	4
652	2	69	19	2	2	220	0	50	6
653	2	64	19	3	0	244	0	13	10
654	2	57	14	6	0	231	0	7	8
655	2	127	77	157	4	222	5	383	255
656	2	47	21	96	5	245	0	25	108
657	2	130	17	278	3	309	0	70	400
658	2	360	56	11	1	235	0	950	10
659	2	74	45	11	1	212	0	167	14
660	2	55	35	18	3	190	0	113	29
661	2	61	22	8	2	253	18	3	15
662	2	71	16	12	1	265	5	12	17
663	2	96	4	4	1	270	0	4	5
664	2	49	17	34	2	223	0	18	33
665	2	2	2	5	1	5	0	6	7
666	2	69	26	3	0	280	0	27	9
667	2	295	108	75	1	364	0	656	198
668	2	61	28	39	2	75	0	130	91
669	2	69	15	4	4	250	0	8	7
670	2	128	62	242	4	356	0	360	202
671	2	244	50	73	2	292	0	370	126
672	2	90	27	62	15	175	10	112	92
673	2	94	28	134	2	252	0	149	200
674	2	40	17	5	2	160	0	23	11
675	2	4	2	17	2	7	0	8	31
676	2	156	36	6	0	140	0	356	15
677	2	83.9	22.1	12	1.1	245.7	0	76.5	24.5
678	2	68	33	6	4	296	0	16	16
679	2	89	31	31	4	223	0	135	55
680	2	57	25	52	3	187	0	61	91
681	2	76	46	19	5	296	0	61	61
682	2	23	33	6	1	217	0	7	11
683	2	114	34	19	0	127	0	125	41
684	2	66	11	8	0	198	0	28	15
685	2	116	11	13	1	258	0	74	24
686	2	77	25	3	1	325	0	17	13
687	2	106	42	18	2	320	0	98	41
688	2	140	54	8	1	235	0	343	12
689	2	71	17	50	1	216	30	38	53
690	2	81	33	115	4	244	0	50	248
691	2	82	42	11	7	300	0	105	12
692	2	10	2	45	1	129	0	5	13
693	2	34	7	4	0	125	0	5	4
694	2	58	1	3	0	115	0	28	8
695	2	72	52	106	4	237	0	216	119
696	2	253	29	91	3	295	0	324	192
697	2	60	12	23	3	167	0	15	54
698	2	146	22	20	1	215	0	254	35
699	2	46	11	98	1	290	0	15	67
700	2	43	4	11	0	127	0	5	20
701	2	30	21	6	4	121	6	33	19
702	2	64	9	4	1	173	0	43	9
703	2	77	21	47	1	326	0	9	60
704	2	89	41	120	4	209	0	226	152
705	2	86	15	21	2	170	0	15	53
706	2	80	34	9	2	162	0	159	23
707	2	80	28	36	1	182	0	79	78
708	2	70	5	18	0	220	0	16	11
709	2	160	28	16	2	412	0	66	52
710	2	75	3	3	1	194	0	13	9
711	2	62	23	10	1	245	0	31	16
712	2	124	76	267	8	308	0	106	613
713	2	92	23	33	1	197	15	140	48
714	2	50	21	8	1	231	8	4	15
715	2	77	23	8	1	275	0	58	12
716	2	34	12	1	0	135	0	13	6
717	2	91	40	15	2	336	0	82	15
718	2	85	19	41	6	182	0	150	50
719	2	98	12	34	0	221	0	75	24
720	2	57	8	47	2	207	0	30	45
721	2	79	48	44	4	317	18	115	69
722	2	78	25	60	3	203	0	61	128
723	2	47	16	6	0	166	0	28	10
724	2	84	34	2	1	343	15	35	5
725	2	140	18	11	1	326	0	94	22
726	2	53	20	1	0	239	0	10	4
727	2	63	7	28	1	248	0	11	20
728	2	62	22	6	1	259	18	1	9
729	2	45	24	3	1	249	0	3	1
730	2	86	18	7	3	204	0	83	13
731	2	80	10	15	2	230	0	25	25
732	2	76	26	15	1	178	0	93	39
733	2	62	43	159	2	436	4	123	115
734	2	64	19	21	2	227	0	47	37
735	2	104	16	50	1	230	0	130	71
736	2	58	60	237	7	217	0	69	420
737	2	186	69	60	6	362	0	322	118
738	2	42	39	17	3	195	0	72	17
739	2	64	18	39	1	249	0	16	46
740	2	175	45	44	3	274	0	315	60
741	2	212	88	166	19	86	0	447	477
742	2	121	17	38	1	357	0	54	42
743	2	140	29	119	3	195	0	186	224
744	2	64	21	16	1	160	0	87	29
745	2	85	56	221	6	376	0	164	300
746	2	109	48	77	2	143	10	231	141
747	2	68	51	3	0	360	0	74	5
748	2	48	31	81	6	126	0	98	126
749	2	122	21	12	5	205	0	146	32
750	2	56	16	68	2	145	0	76	100
751	2	95	60	25	2	351	0	130	48
752	2	93	64	117	5	226	0	360	129
753	2	111	18	56	4	252	0	69	147
754	2	140	19	84	1	244	0	123	140
755	2	170	46	22	7	242	0	333	85
756	2	104	42	46	3	406	0	70	105
757	2	44	50	44	2	268	0	67	75
758	2	35	20	2	0	182	0	4	5
759	2	71	42	5	1	380	0	17	7
760	2	54	15	5	0	215	0	3	10
761	2	178	68	18	2	188	0	406	45
762	2	72	35	50	2	264	20	82	52
763	2	99	15	10	3	285	0	49	17
764	2	102	18	10	1	261	0	58	36
765	2	170	31	100	12	329	0	224	157
766	2	118	72	260	6	254	11	350	373
767	2	23	5	22	7	74	0	14	18
768	2	70	67	139	5	119	0	42	411
769	2	65	18	13	2	225	0	55	17
770	2	84	42	6	2	336	0	96	13
771	2	75	35	11	2	295	0	60	15
772	2	94	7	11	0	232	0	41	17
773	2	84	17	57	0	300	13	46	69
774	2	97	45	37	2	171	0	219	57
775	2	64	34	25	0	146	0	142	43
776	2	72	18	90	1	320	0	19	87
777	2	80	17	9	1	282	0	16	18
778	2	158	113	66	5	301	0	578	86
779	2	140	58	47	3	190	0	314	80
780	2	33	18	14	1	168	0	13	24
781	2	98	69	91	2	590	0	30	146
782	2	177	31	142	4	499	0	93	237
783	2	71	14	20	1	251	0	24	32
784	2	115	5	30	1	278	0	47	53
785	2	79	17	34	1	338	0	18	32
786	2	3	1	3	0	4	0	4	6
787	2	6	4	8	3	18	0	5	10
788	2	121	36	29	1	341	0	205	29
789	2	56	33	21	2	264	0	22	42
790	2	122	60	70	1	270	0	320	87
791	2	46	11	29	3	219	0	11	30
792	2	80	16	10	1	185	0	93	9
793	2	267	92	2	3	244	0	876	5
794	2	47	31	6	1	193	7	43	17
795	2	108	60	87	5	315	0	158	137
796	2	100	45	29	1	320	0	107	58
797	2	152	50	178	4	247	20	284	302
798	2	143	30	25	2	281	0	207	26
799	2	3	3	15	0	6	0	3	26
800	2	44	24	2	0	212	6	24	6
801	2	138	29	9	1	370	0	134	8
802	2	79	51	224	4	89	0	87	492
803	2	142	26	30	6	242	0	121	43
804	2	114	9	26	1	303	8	6	60
805	2	82	21	51	2	280	0	74	36
806	2	178	25	7	1	162	0	380	3
807	2	136	117	126	1	760	14	125	119
808	2	102	19	6	0	368	0	3	13
809	2	83	56	31	4	229	0	165	67
810	2	90	37	42	4	300	0	99	60
811	2	89	6	8	1	278	13	1	7
812	2	120	71	10	2	367	0	266	14
813	2	16	3	33	1	123	0	3	6
814	2	121	97	138	5	400	19	144	357
815	2	57	20	27	2	179	3	67	47
816	2	95	38	19	0	285	0	3	110
817	2	112	30	15	2	262	0	138	26
818	2	103	34	94	8	390	0	118	108
819	2	117	63	17	4	325	18	214	22
820	2	100	50	250	9	223	0	159	396
821	2	37	12	12	0	108	2.4	38	15
822	2	7	4	119	0	163	14	4	97
823	2	156	33	40	1	227	0	224	118
824	2	88	14	40	3	171	0	78	76
825	2	85	13	19	1	211	0	80	22
826	2	1	6	16	1	17	0	8	26
827	2	180	33	44	1	282	0	179	71
828	2	56	16	20	0	205	0	7	39
829	2	85	39	17	1	218	52	133	25
830	2	78	34	60	2	166	0	45	160
831	2	25	24	101	1	240	5	96	45
832	2	58	37	134	17	244	0	117	178
833	2	103	32	29	2	396	10	25	44
834	2	140	21	61	7	211	0	212	85
835	2	44	30	3	1	220	0	40	10
836	2	225	38	4	1	140	5	551	6
837	2	51	10	8	0	169	0	18	11
838	2	131	23	56	2	246	0	214	89
839	2	27	9	2	0	117	0	2	3
840	2	90	41	33	1	318	0	62	102
841	2	94	21	103	3	204	0	25	228
842	2	108	69	50	2	412	3	218	72
843	2	113	47	1	2	210	0	310	5
844	2	218	80	109	6	215	0	622	155
845	2	109	6	7	0	330	0	5	10
846	2	57	28	1	1	300	5	14	3
847	2	156	44	123	27	368	0	176	179
848	2	36	14	6	1	78	5	33	14
849	2	178	92	77	5	206	0	630	84
850	2	71	50	109	5	287	0	97	170
851	2	131	9	92	3	210	0	56	142
852	2	77	45	11	1	268	5	140	19
853	2	37	15	82	13	240	3	45	75
854	2	59	38	45	2	293	0	29	73
855	2	47	23	40	0	188	0	65	49
856	2	48	27	13	0	227	0	19	25
857	2	33	18	1	1	197	7	3	3
858	2	89	6	10	0	247	0	13	15
859	2	79	46	134	1	314	0	73	209
860	2	56	21	11	0	228	0	22	15
861	2	51	3	4	0	146	0	4	10
862	2	115	22	88	1	329	10	99	134
863	2	186	65	107	4	203	0	536	125
864	2	126	7	19	0	324	0	12	43
865	2	116	11	14	3	309	13	34	22
866	2	36	17	49	6	172	0	14	83
867	2	125	55	116	4	285	0	290	150
868	2	64	24	13	0	251	0	13	15
869	2	49	26	12	0	210	0	18	22
870	2	56	24	5	0	255	0	10	8
871	2	77	42	27	2	294	0	124	46
872	2	59	22	6	1	254	15	1	12
873	2	97	54	2	1	388	0	103	5
874	2	62	30	33	4	202	12	29	95
875	2	31	10	9	3	100	0	29	14
876	2	26	36	13	1	205	19	14	21
877	2	104	7	14	1	298	10	4	21
878	2	95	2	11	0	244	0	8	24
879	2	37	4	3	0	116	0	12	1
880	2	134	32	35	4	245	0	238	53
881	2	85	4	13	0	225	0	11	24
882	2	107	65	10	2	181	0	336	19
883	2	137	89	33	2	339	0	384	45
884	2	10	12	19	1	92	0	8	23
885	2	46	18	61	2	245	6	35	60
886	2	62	32	14	1	320	0	2	23
887	2	62	31	9	1	158	0	127	17
888	2	198	93	272	12	341	0	792	313
889	2	36	21	82	2	269	0	23	95
890	2	131	63	51	2	525	0	61	120
891	2	51	7	13	2	158	0	8	20
892	2	47	12	113	3	157	0	62	142
893	2	122	37	32	2	190	0	187	108
894	2	73	25	34	2	247	0	51	49
895	2	26	7	4	1	74	1	36	6
896	2	57	16	38	2	219	0	32	38
897	2	63	24	14	1	236	0	34	17
898	2	3	5	3	0	32	0	1	5
899	2	72	15	18	2	219	0	44	31
900	2	105	27	11	1	257	0	128	26
901	2	109	26	26	4	276	20	33	79
902	2	38	2	3	1	100	0	13	7
903	2	53	24	15	2	246	18	1	21
904	2	98	27	54	2	111	0	143	101
905	2	69	21	7	0	273	0	6	18
906	2	46	18	5	1	213	0	11	11
907	2	75	36	3	0	350	0	23	6
908	2	134	54	132	2	228	0	322	177
909	2	138	31	118	6	316	0	185	161
910	2	98	36	32	2	400	0	15	59
911	2	140	28	79	2	420	0	51	134
912	2	59	13	41	1	216	0	25	75
913	2	61	2	11	0	168	0	7	13
914	2	140	36	250	5	281	0	38	508
915	2	61	4	10	1	108	0	12	25
916	2	46	6	5	0	138	0	11	9
917	2	71	47	68	2	244	11	155	85
918	2	88	27	30	17	290	15	74	30
919	2	36	5	4	2	116	0	2	10
920	2	120	43	56	3	213	0	268	89
921	2	55	4	12	2	178	0	4	12
922	2	110	14	47	0	352	0	11	96
923	2	67	10	36	2	177	0	16	70
924	2	110	13	9	0	320	0	14	12
925	2	85	20	15	0	284	0	30	25
926	2	212	41	172	3	144	0	62	568
927	2	80	29	5	1	345	0	13	9
928	2	59	17	12	5	240	0	24	12
929	2	109	18	94	0	286	0	66	136
930	2	45	5	5	0	138	2	3	10
931	2	154	44	130	6	352	0	144	236
932	2	90	13	19	5	233	0	67	19
933	2	145	41	27	3	370	0	126	62
934	2	158	76	116	4	360	0	292	217
935	2	64	27	2	0	298	0	9	6
936	2	12	2	93	1	235	4	34	13
937	2	31	6	4	0	108	0	3	9
938	2	88	12	30	1	265	0	47	40
939	2	52	23	11	1	194	0	90	10
940	2	180	18	46	0	293	0	215	110
941	2	41	37	67	4	195	0	52	119
942	2	53	21	24	2	281	0	27	9
943	2	177	29	14	1	284	0	255	26
944	2	28	7	3	0	108	4	12	2
945	2	67	24	7	3	230	33	17	14
946	2	38	33	27	1	190	0	48	38
947	2	107	33	104	3	290	0	74	216
948	2	64	19	56	2	301	0	23	53
949	2	98	10	57	13	332	0	43	65
950	2	38	13	8	1	125	0	10	13
951	2	13	3	139	1	255	11	38	26
952	2	44	18	8	0	198	0	10	13
953	2	150	31	132	1	200	0	228	212
954	2	45	11	3	0	131	0	40	8
955	2	40	29	14	1	166	13	35	37
956	2	121	45	82	2	198	0	223	140
957	2	93	24	25	2	262	3	118	24
958	2	88	59	121	6	310	0	35	310
959	2	188	30	55	1	335	0	288	102
960	2	213	89	18	2	245	0	596	34
961	2	85	6	7	1	251	0	6	14
962	2	47	29	15	1	255	8	1	30
963	2	80	11	9	1	265	0	23	14
964	2	14	4	19	2	72	3	17	14
965	2	130	30	49	2	256	0	77	115
966	2	77	50	71	4	289	0	122	122
967	2	52	32	21	1	183	0	105	28
968	2	111	29	5	0	236	0	173	7
969	2	110	21	10	4	379	0	33	15
970	2	156	58	42	4	293	0	358	74
971	2	112	41	64	5	269	0	180	130
972	2	92	53	49	2	223	0	138	136
973	2	153	68	308	11	366	0	156	581
974	2	82	54	16	2	193	0	210	33
975	2	135	18	17	3	242	0	88	31
976	2	46	11	9	1	170	0	8	18
977	2	120	56	38	2	259	0	257	60
978	2	103	77	253	7	260	0	153	484
979	2	168	30	47	2	276	0	232	58
980	2	88	40	109	6	330	0	26	178
981	2	81	30	4	0	280	0	19	20
982	2	42	17	12	0	142	0	45	28
983	2	76	47	3	0	332	0	56	10
984	2	84	23	9	1	236	0	58	13
985	2	96	2	10	1	250	8	1	20
986	2	82	20	5	1	247	0	58	9
987	2	41	8	8	0	67	4	30	14
988	2	21	14	139	1	485	0	18	15
989	2	125	27	153	1	323	0	107	199
990	2	49	7	17	2	170	0	7	32
991	2	98	27	141	13	320	0	122	153
992	2	170	65	39	33	229	5	494	64
993	2	105	17	21	5	201	0	90	46
994	2	30	9	2	0	93	6	25	3
995	2	85	32	7	2	376	0	34	14
996	2	67	43	61	2	198	0	142	97
997	2	53	17	39	1	155	0	81	48
998	2	61	13	8	5	222	0	18	6
999	2	44	16	16	6	230	0	20	6
1000	2	79	11	9	2	280	0	5	6
1001	2	180	59	44	6	238	0	457	79
1002	2	75	15	62	2	244	0	67	80
1003	2	156	42	54	2	314	0	235	88
1004	2	44	11	35	1	166	0	13	48
1005	2	67	51	121	4	262	0	129	192
1006	2	108	57	52	7	243	0	127	67
1007	2	80	8	6	1	207	0	25	11
1008	2	49	12	19	2	193	0	19	35
1009	2	107	53	3	0	380	0	147	5
1010	2	115	39	13	15	301	0	145	27
1011	2	55	27	12	1	228	0	10	17
1012	2	92	21	11	1	112	0	198	14
1013	2	117	74	100	2	356	0	216	181
1014	2	82	58	113	7	388	0	31	200
1015	2	4	4	6	0	14	0	4	12
1016	2	51	20	3	1	168	0	76	6
1017	2	144	15	20	1	263	0	85	49
1018	2	67.8	18.7	24.1	1.2	242.7	0	21.4	40.1
1019	2	74	12	2	1	247	0	12	6
1020	2	53	24	32	2	190	0	93	24
1021	2	104	28	24	1	289	0	91	52
1022	2	67	20	10	3	210	0	56	16
1023	2	29	9	11	1	119	0	19	12
1024	2	32	16	1	0	155	0	17	5
1025	2	112	45	64	3	171	0	260	108
1026	2	107	19	21	7	382	0	24	26
1027	2	128	41	5	2	198	0	265	10
1028	2	74	31	69	6	246	0	99	108
1029	2	47	13	3	1	182	7	8	3
1030	2	48	25	44	2	116	5	46	87
1031	2	115	72	101	2	290	0	87	230
1032	2	71	45	192	6	237	8	91	337
1033	2	40	69	100	4	476	0	52	128
1034	2	70	24	76	5	199	0	62	132
1035	2	67	5	10	2	187	0	9	21
1036	2	105	72	88	2	562	0	43	145
1037	2	73	50	9	1	305	0	95	10
1038	2	77	17	6	0	273	0	27	6
1039	2	85	29	40	2	241	0	94	82
1040	2	67	29	10	1	331	10	2	11
1041	2	162	46	11	1	294	0	286	27
1042	2	94	24	16	1	228	0	103	31
1043	2	70	6	4	25	250	0	20	9
1044	2	45	38	9	2	279	0	13	20
1045	2	56	35	4	1	304	12	5	7
1046	2	79	11	21	0	230	0	6	54
1047	2	32	12	30	2	124	13	2	46
1048	2	98	11	9	2	316	0	10	8
1049	2	100	40	73	2	260	0	113	122
1050	2	110	4	7	2	321	8	15	11
1051	2	13	3	55	1	152	0	10	21
1052	2	60	23	5	1	274	0	15	8
1053	2	156	41	18	11	215	0	242	26
1054	2	65	14	30	1	166	0	93	21
1055	2	52	41	69	5	171	0	132	136
1056	2	125	77	87	2	364	0	268	135
1057	2	1	1	2	1	4	0	2	6
1058	2	135	68	50	2	247	0	294	95
1059	2	143	26	20	2	206	0	117	60
1060	2	198	42	13	1	303	0	336	40
1061	2	70	45	63	5	220	0	136	121
1062	2	101	77	118	13	470	0	166	136
1063	2	188	34	75	1	275	0	232	172
1064	2	50	5	9	0	144	0	5	19
1065	2	82	51	12	1	376	0	34	16
1066	2	93	91	201	31	467	0	119	245
1067	2	71	16	13	1	151	0	118	8
1068	2	298	65	7	1	254	0	708	9
1069	2	60	29	4	0	287	0	11	10
1070	2	103	36	2	2	483	0	13	6
1071	2	114	8	31	3	372	0	9	38
1072	2	57	21	1	1	243	0	17	10
1073	2	80	45	101	4	352	0	26	161
1074	2	18	22	15	1	166	2	8	16
1075	2	136	52	13	2	157	0	418	28
1076	2	61	50	68	1	277	0	70	168
1077	2	331	73	84	8	311	0	756	147
1078	2	95	49	7	1	280	0	181	8
1079	2	190	55	16	2	297	0	338	53
1080	2	61	23	11	4	262	5	20	19
1081	2	27	7	5	0	95	0	8	9
1082	2	49	32	12	1	140	0	136	17
1083	2	42	14	69	2	244	0	14	57
1084	2	78	34	354	2	416	0	388	220
1085	2	108	10	295	2	277	0	42	428
1086	2	83	19	13	16	199	0	76	22
1087	2	55	12	2	1	198	1	10	3
1088	2	158	82	60	4	210	0	495	82
1089	2	179	46	40	3	347	0	329	71
1090	2	77	27	1	1	358	0	5	4
1091	2	90	71	284	87	420	0	262	380
1092	2	77	37	37	2	202	0	134	63
1093	2	61	89	78	5	226	0	325	140
1094	2	59	11	9	1	140	0	73	12
1095	2	51	38	31	2	286	0	28	72
1096	2	136	33	7	1	265	0	221	13
1097	2	130	34	37	4	344	13	103	50
1098	2	123	31	56	3	272	0	185	92
1099	2	96	7	21	2	221	11	76	10
1100	2	81	11	39	2	213	0	10	95
1101	2	92	52	82	10	289	0	135	127
1102	2	43	20	15	1	207	0	15	26
1103	2	219	53	40	7	259	0	533	60
1104	2	104	70	279	4	270	0	280	384
1105	2	301	37	30	2	100	0	708	121
1106	2	13	75	18	2	331	29	54	27
1107	2	55	21	1	0	249	0	14	3
1108	2	56	11	10	1	182	20	2	11
1109	2	85	50	16	2	272	0	88	46
1110	2	94	5	23	1	256	13	6	40
1111	2	9	3	79	1	191	2	23	11
1112	2	47	27	138	8	201	7	294	28
1113	2	101	41	5	1	344	0	106	10
1114	2	40	62	50	4	340	0	65	66
1115	2	317	88	129	5	234	0	925	189
1116	2	100	24	5	1	379	0	26	10
1117	2	76	28	84	7	303	0	20	108
1118	2	34	35	52	4	180	0	118	64
1119	2	67	41	4	1	191	0	179	7
1120	2	42	11	103	7	69	0	43	184
1121	2	156	86	60	10	190	0	365	110
1122	2	88	20	4	1	264	0	46	12
1123	2	58	28	186	2	384	3	87	153
1124	2	32	12	12	0	101	0	8	23
1125	2	140	34	7	2	263	0	248	25
1126	2	53	18	3	1	223	0	16	9
1127	2	144	34	46	7	289	0	205	94
1128	2	157	25	66	4	293	0	155	121
1129	2	169	56	39	3	338	0	293	68
1130	2	140	64	104	3	202	0	410	145
1131	2	91	53	5	0	236	0	233	5
1132	2	58	10	2	1	214	4	5	2
1133	2	347	132	39	5	283	0	1097	49
1134	2	124	3	13	1	200	11	86	30
1135	2	60	16	5	1	229	0	28	3
1136	2	81	18	66	3	162	0	124	72
1137	2	240	63	18	2	146	0	724	33
1138	2	40	20	1	0	199	0	9	5
1139	2	25	34	13	2	180	0	34	25
1140	2	66	31	1	1	331	9	11	3
1141	2	130	51	227	6	261	0	342	250
1142	2	22	8	7	0	69	0	22	11
1143	2	110	22	21	1	303	0	74	45
1144	2	104	61	9	1	257	0	277	3
1145	2	56	20	7	0	238	2.4	12	11
1146	2	206	71	79	3	199	0	608	95
1147	2	80	13	8	0	252	0	1	22
1148	2	72	109	191	1	272	2	510	231
1149	2	124	48	351	6	237	0	130	620
1150	2	145	15	23	4	259	0	145	40
1151	2	59	50	22	1	216	0	134	52
1152	2	22	77	60	2	342	0	53	85
1153	2	107	19	16	1	372	0	10	24
1154	2	38	19	61	3	208	0	33	48
1155	2	180	55	125	3	302	0	346	208
1156	2	111	55	61	2	464	0	63	115
1157	2	182	73	99	4	254	0	53	480
1158	2	73	51	24	2	253	0	136	39
1159	2	75	9	55	2	192	0	17	98
1160	2	108	28	7	1	273	0	77	27
1161	2	154	29	110	3	223	0	231	214
1162	2	48	29	15	1	240	8	16	18
1163	2	33	34	31	2	126	1	119	52
1164	2	96	35	18	2	239	0	147	36
1165	2	92	31	110	5	258	0	123	165
1166	2	155	45	15	1	170	0	376	22
1167	2	95	5	6	1	153	11	81	9
1168	2	71	24	44	1	192	0	42	107
1169	2	47	9	7	0	170	0	10	7
1170	2	83	7	10	3	244	0	14	17
1171	2	174	38	32	4	320	20	288	56
1172	2	96	34	160	26	234	0	133	272
1173	2	19	4	45	2	108	8	3	40
1174	2	8	5	7	4	18	0	5	15
1175	2	156	27	11	1	270	0	216	28
1176	2	298	42	165	11	198	0	715	236
1177	2	69	28	60	3	220	0	67	82
1178	2	64	28	211	5	239	0	56	316
1179	2	206	65	12	1	283	0	472	25
1180	2	42	12	56	2	128	9	55	78
1181	2	80	16	5	0	248	0	45	7
1182	2	102	15	4	0	324	0	26	4
1183	2	130	26	3	0	135	0	322	6
1184	2	104	3	6	2	241	0	11	14
1185	2	116	44	11	16	362	0	176	33
1186	2	93	54	2	1	336	0	125	8
1187	2	81	18	9	2	299	0	27	10
1188	2	40	7	21	2	100	0	43	24
1189	2	167	110	19	1	207	0	607	32
1190	2	86	67	238	6	271	0	205	332
1191	2	57	32	8	2	245	0	30	14
1192	2	161	59	63	2	400	0	277	95
1193	2	71	7	3	0	228	0	8	3
1194	2	132	36	46	2	176	0	268	79
1195	2	103	58	122	4	256	0	232	172
1196	2	260	78	43	2	225	0	656	119
1197	2	100	17	4	0	390	0	14	6
1198	2	61	31	152	3	385	0	119	86
1199	2	104	31	142	1	310	0	91	230
1200	2	77	8	27	0	239	0	1	6
1201	2	6	2	8	1	16	0	3	14
1202	2	141	54	128	12	350	0	225	192
1203	2	133	85	110	8	360	0	340	149
1204	2	110	28	110	5	328	0	42	197
1205	2	102	25	89	56	284	0	218	111
1206	2	71	29	6	0	305	0	21	13
1207	2	73	28	98	3	267	0	104	141
1208	2	61	16	11	1	142	0	68	17
1209	2	63	12	21	1	202	0	23	39
1210	2	52	19	5	0	227	0	4	9
1211	2	110	23	43	1	240	0	122	57
1212	2	73	45	132	6	252	0	143	189
1213	2	43	18	2	1	220	0	10	3
1214	2	89	13	32	2	243	0	37	52
1215	2	26	24	12	0	164	5	24	23
1216	2	90	25	8	0	340	0	33	10
1217	2	64	57	49	16	298	0	141	83
1218	2	3	2	6	2	7	0	7	10
1219	2	88	23	3	0	143	0	164	8
1220	2	306	19	93	29	172	0	376	180
1221	2	132	37	86	4	252	0	196	163
1222	2	114	35	116	1	228	0	144	207
1223	2	77	29	10	0	197	0	112	18
1224	2	95	14	17	9	269	0	46	22
1225	2	88	15	50	1	225	0	5	120
1226	2	215	58	86	9	259	0	500	140
1227	2	62	7	11	1	98	0	80	19
1228	2	88	47	89	6	340	0	47	126
1229	2	67	40	18	1	355	0	5	24
1230	2	16	7	8	0	72	0	6	12
1231	2	80	5	2	0	198	0	8	10
1232	2	77	26	17	1	222	0	117	24
1233	2	194	60	67	4	285	0	358	69
1234	2	88	38	7	0	388	0	25	15
1235	2	50	21	1	0	223	3	9	3
1236	2	129	42	21	2	326	5	169	35
1237	2	58	29	14	2	272	0	22	26
1238	2	55	22	4	1	256	0	9	4
1239	2	65	40	115	2	290	0	110	155
1240	2	13	15	123	1	96	0	42	134
1241	2	40	9	35	3	128	0	51	47
1242	2	39	28	13	7	240	10	1	14
1243	2	23	9	18	0	62	0	22	26
1244	2	81	7	35	1	207	0	28	66
1245	2	78	25	80	3	240	0	23	188
1246	2	116	36	29	1	261	0	94	55
1247	2	70	37	93	5	304	0	34	134
1248	2	188	16	34	13	307	0	119	70
1249	2	48	3	7	0	150	0	4	9
1250	2	50	5	5	1	159	0	5	7
1251	2	147	34	97	3	290	0	214	142
1252	2	73	30	11	1	211	0	86	21
1253	2	132	43	25	2	307	0	255	41
1254	2	40	3	7	1	100	0	11	12
1255	2	47	15	1	1	207	4	11	3
1256	2	30	18	74	2	226	0	37	70
1257	2	96	14	11	0	313	0	6	27
1258	2	78	41	89	3	306	0	35	133
1259	2	125	65	157	4	144	0	182	460
1260	2	164	40	138	4	279	22	222	207
1261	2	72	18	4	3	215	0	47	12
1262	2	87	72	328	41	376	0	428	412
1263	2	169	86	104	4	344	0	452	160
1264	2	152	71	81	1	288	0	280	148
1265	2	106	25	20	1	285	0	89	35
1266	2	92	24	28	3	299	0	67	39
1267	2	42	50	41	1	276	0	56	63
1268	2	82	40	2	0	370	0	46	3
1269	2	34	37	49	4	170	0	40	100
1270	2	71	37	87	3	275	0	81	119
1271	2	43	32	11	2	240	12	15	21
1272	2	79	13	44	2	246	0	54	41
1273	2	32	60	52	4	374	18	46	44
1274	2	24	9	32	0	75	0	8	64
1275	2	102	43	47	2	444	0	4	68
1276	2	240	96	20	2	210	0	808	49
1277	2	124	47	161	5	404	0	83	335
1278	2	107	24	32	4	161	0	142	48
1279	2	56	5	6	0	185	0	3	7
1280	2	68	24	27	1	180	0	119	31
1281	2	62	16	39	1	205	0	9	68
1282	2	103	5	12	3	260	0	32	24
1283	2	24	3	32	1	154	0	3	5
1284	2	100	53	120	15	362	0	98	217
1285	2	51	28	1	0	277	0	6	3
1286	2	2	4	6	0	20	0	4	11
1287	2	110	54	121	4	303	0	94	238
1288	2	176	53	90	8	483	0	263	127
1289	2	78	3	5	1	208	0	18	10
1290	2	145	13	120	4	410	0	70	165
1291	2	135	20	82	1	239	0	83	153
1292	2	46	15	22	1	189	0	26	25
1293	2	40	32	26	2	256	0	16	25
1294	2	46	29	110	6	224	0	88	106
1295	2	81	16	10	0	247	0	53	12
1296	2	86	35	21	1	347	0	46	17
1297	2	80	10	18	1	148	0	50	36
1298	2	106	10	9	1	189	0	65	39
1299	2	33	5	2	1	85	0	29	4
1300	2	105	45	56	3	295	0	152	114
1301	2	128	19	50	5	239	0	142	64
1302	2	170	86	81	5	295	0	300	173
1303	2	104	34	38	1	206	0	105	72
1304	2	73	34	2	0	348	0	4	12
1305	2	85	24	12	1	111	0	190	16
1306	2	70	24	41	2	282	0	34	61
1307	2	13	3	102	1	164	3	76	24
1308	2	80	29	58	2	253	0	84	94
1309	2	146	26	112	4	251	0	108	190
1310	2	61	7	9	1	167	0	17	14
1311	2	1	2	8	1	4	0	2	16
1312	2	58	10	6	1	209	0	10	9
1313	2	75	26	9	0	332	0	4	14
1314	2	76	63	167	5	201	0	68	382
1315	2	82	46	90	2	365	0	44	184
1316	2	114	18	13	0	370	0	12	27
1317	2	159	42	10	2	249	0	325	17
1318	2	47	53	50	1	262	0	110	78
1319	2	29	2	1	1	93	0	2	3
1320	2	128	68	102	4	300	0	177	242
1321	2	176	47	89	3	263	0	354	114
1322	2	38	26	29	2	122	0	79	45
1323	2	370	74	155	4	283	0	1040	188
1324	2	132	61	140	2	158	0	158	276
1325	2	50	11	7	0	148	0	22	16
1326	2	58	37	2	1	330	0	10	8
1327	2	85	50	100	2	300	0	65	175
1328	2	6	2	118	1	233	3	5	48
1329	2	85	7	16	4	179	0	52	37
1330	2	104	58	80	2	270	0	296	99
1331	2	43	30	7	1	230	10	13	11
1332	2	98	16	4	1	291	0	52	6
1333	2	125	33	10	2	141	0	305	20
1334	2	220	42	53	3	246	0	362	89
1335	2	109	97	102	5	372	6	127	288
1336	2	8	2	86	1	173	7	13	26
1337	2	224	68	62	3	320	0	380	86
1338	2	43	29	7	2	233	10	19	9
1339	2	170	60	178	13	220	0	380	330
1340	2	40	11	7	1	134	7	24	11
1341	2	64	20	5	0	252	0	14	10
1342	2	12	6	458	3	282	2	340	323
1343	2	145	55	68	10	147	0	250	150
1344	2	272	100	114	6	205	0	970	156
1345	2	60	16	5	1	190	0	9	10
1346	2	82	12	3	0	270	0	5	8
1347	2	16	4	47	1	148	0	29	8
1348	2	98	33	24	30	196	0	107	48
1349	2	124	21	41	1	269	0	103	76
1350	2	135	37	199	3	366	0	77	332
1351	2	119	48	28	1	201	0	302	50
1352	2	90	25	90	0	315	0	17	135
1353	2	90	43	17	2	227	0	203	26
1354	2	45	36	4	0	310	0	2	11
1355	2	46	14	97	12	192	0	8	147
1356	2	12	13	16	8	68	0	16	20
1357	2	55	20	3	0	234	0	38	4
1358	2	64	22	95	2	314	0	33	102
1359	2	61	20	36	1	217	0	59	46
1360	2	60	38	45	1	178	0	36	140
1361	2	220	48	87	4	300	0	358	153
1362	2	70	4	3	1	208	0	8	3
1363	2	49	11	55	3	189	10	39	75
1364	2	187	55	62	5	354	0	352	84
1365	2	62	19	22	2	260	0	17	30
1366	2	138	55	107	3	225	0	342	133
1367	2	34	16	5	1	160	7	1	7
1368	2	112	55	52	5	316	0	202	61
1369	2	100	68	3	1	298	0	224	8
1370	2	137	57	119	3	197	0	336	177
1371	2	57	44	2	1	370	0	7	4
1372	2	133	21	13	1	122	0	300	20
1373	2	49	11	4	1	190	0	20	5
1374	2	217	51	13	2	294	0	484	11
1375	2	55	11	22	1	197	0	1	33
1376	2	156	47	147	5	275	0	155	286
1377	2	72	59	324	12	384	0	47	552
1378	2	228	59	67	6	367	0	395	104
1379	2	60	36	25	1	281	0	6	35
1380	2	131	23	13	1	265	0	218	19
1381	2	109	7	27	1	235	18	32	39
1382	2	100	52	2	0	384	0	101	10
1383	2	109	60	41	3	544	0	47	94
1384	2	87	47	130	6	426	0	38	204
1385	2	218	61	89	5	415	0	321	156
1386	2	90	18	45	1	250	0	60	65
1387	2	162	30	158	49	350	0	285	199
1388	2	60	10	7	1	202	0	10	8
1389	2	180	60	85	5	260	0	350	190
1390	2	93	23	155	0	135	0	81	220
1391	2	70	0	5	1	190	0	15	9
1392	2	65	5	8	0	176	0	20	17
1393	2	144	54	225	8	283	0	42	490
1394	2	78	15	4	0	269	0	15	8
1395	2	79	17	5	0	258	0	48	7
1396	2	74	11	4	1	147	2	81	8
1397	2	114	51	95	4	185	0	308	150
1398	2	9	2	250	1	182	9	119	176
1399	2	45	51	38	6	372	0	35	43
1400	2	56	13	16	5	155	0	40	28
1401	2	110	60	244	8	219	0	128	470
1402	2	76	25	1	0	332	0	11	2
1403	2	69	73	148	6	194	0	296	224
1404	2	152	31	2	0	141	0	260	9
1405	2	70	10	13	0	214	0	24	20
1406	2	140	32	11	1	369	0	129	21
1407	2	62	24	31	1	161	14	103	20
1408	2	44	4	7	0	126	0	5	15
1409	2	78	23	23	5	194	22	30	33
1410	2	55	14	3	0	142	0	48	11
1411	2	90.28	40.5	47.75	2.05	448.79	0	17.56	84.31
1412	2	146	27	15	8	209	0	334	19
1413	2	52	36	5	0	274	0	10	18
1414	2	40	11	7	4	143	0	15	10
1415	2	50	36	346	7	229	0	202	429
1416	2	129	28	5	1	295	0	164	10
1417	2	65	45	47	3	211	0	116	96
1418	2	111	46	60	2	244	0	201	94
1419	2	91	44	34	2	196	0	168	83
1420	2	99	44	12	10	448	0	76	22
1421	2	48	22	85	5	81	0	82	112
1422	2	35	14	19	11	169	0	29	33
1423	2	102	8	18	3	281	15	20	22
1424	2	64	15	15	8	266	0	12	14
1425	2	4	2	5	0	10	0	5	10
1426	2	50	23	14	1	245	0	15	20
1427	2	104	45	13	2	276	0	183	20
1428	2	48	48	139	5	299	0	135	120
1429	2	64	5	5	1	151	0	28	12
1430	2	69	29	11	1	262	0	35	18
1431	2	80	22	9	0	262	2.4	46	20
1432	2	84	22	71	2	227	0	50	129
1433	2	68	40	106	4	310	0	27	168
1434	2	69	6	11	1	187	13	16	18
1435	2	69	25	17	1	251	0	28	36
1436	2	17	74	274	8	282	8	220	368
1437	2	140	4	12	1	308	0	47	19
1438	2	38	38	40	2	135	0	102	86
1439	2	109	34	17	1	227	0	180	29
1440	2	167	18	8	5	318	0	78	21
1441	2	41	25	44	1	161	0	54	50
1442	2	58	20	8	0	226	0	18	16
1443	2	80	10	17	0	240	0	15	25
1444	2	115	22	8	1	211	0	173	13
1445	2	38	45	42	2	200	0	38	95
1446	2	63	9	13	1	202	0	8	19
1447	2	17	59	14	1	270	32	20	19
1448	2	112	20	19	4	123	0	215	35
1449	2	58	30	29	1	137	4	106	46
1450	2	142	22	228	6	281	0	22	436
1451	2	51	31	41	1	223	0	31	78
1452	2	190	56	149	39	425	0	320	225
1453	2	172	100	14	5	360	0	480	19
1454	2	119	38	134	4	173	32	248	175
1455	2	39	38	130	53	139	0	61	174
1456	2	49	7	2	0	110	0	14	7
1457	2	141	59	12	1	246	0	290	41
1458	2	117	18	12	1	152	0	219	12
1459	2	138	44	33	4	237	0	165	147
1460	2	3	2	5	1	11	0	4	11
1461	2	117	15	11	0	278	0	97	19
1462	2	102	42	43	2	394	0	123	35
1463	2	49	22	20	0	169	0	34	35
1464	2	48	12	106	3	91	0	60	165
1465	2	102	36	141	5	170	0	244	240
1466	2	194	80	86	3	212	0	624	130
1467	2	137	28	13	2	254	0	206	17
1468	2	182	30	51	2	267	0	267	79
1469	2	222	61	132	2	213	0	586	141
1470	2	136	35	88	10	281	0	93	149
1471	2	97	7	31	1	265	0	38	44
1472	2	5	4	7	2	27	0	3	13
1473	2	86	9	7	0	221	0	34	20
1474	2	104	52	3	0	384	0	131	5
1475	2	112	7	4	0	338	0	3	13
1476	2	97	32	14	2	244	0	165	18
1477	2	72	30	111	3	209	0	37	217
1478	2	75	23	12	1	258	0	38	26
1479	2	146	92	124	3	739	0	209	110
1480	2	74	19	7	1	203	0	95	14
1481	2	109	13	30	1	284	0	38	48
1482	2	70	10	2	1	234	0	17	4
1483	2	104	19	13	5	258	0	35	56
1484	2	51	17	15	1	170	0	34	36
1485	2	130	15	16	0	356	0	58	23
1486	2	114	13	4	0	262	0	61	7
1487	2	84	29	15	1	272	8	69	32
1488	2	105	61	5	1	488	0	8	99
1489	2	103	40	28	31	221	0	132	75
1490	2	140	18	223	4	270	0	15	424
1491	2	92	6	5	2	247	0	12	12
1492	2	99	49	55	2	522	0	3	85
1493	2	4	1	8	0	3	0	5	16
1494	2	121	52	36	2	390	0	151	47
1495	2	139	79	43	3	503	0	161	101
1496	2	120	72	35	6	361	10	85	139
1497	2	96	8	14	0	253	0	12	34
1498	2	43	11	3	2	180	0	2	3
1499	2	38	16	5	0	162	0	9	8
1500	2	61	10	3	1	224	0	2	7
1501	2	89	29	24	4	182	0	130	47
1502	2	92	12	29	1	266	0	31	30
1503	2	77	19	13	1	216	0	60	25
1504	2	79	11	3	2	160	0	87	17
1505	2	126	33	13	2	199	0	243	27
1506	2	247	117	24	7	255	0	888	35
1507	2	240	15	31	0	175	0	40	82
1508	2	52	13	39	2	225	0	26	33
1509	2	52	17	28	1	204	0	45	23
1510	2	43	6	7	1	135	0	15	14
1511	2	70	49	17	1	225	0	166	24
1512	2	38	22	62	4	197	0	20	73
1513	2	31	20	2	0	162	5	10	3
1514	2	73	25	2	1	310	0	17	3
1515	2	43	3	3	0	129	0	1	7
1516	2	100	19	11	0	288	0	67	20
1517	2	67	35	104	3	318	0	22	148
1518	2	60	31	8	0	282	0	20	14
1519	2	18	1	15	17	80	0	25	3
1520	2	104	4	5	1	252	0	33	11
1521	2	127	36	13	0	119	0	177	22
1522	2	85	12	4	0	194	0	33	13
1523	2	69	55	32	2	202	0	185	51
1524	2	72	37	42	1	318	0	6	55
1525	2	146	21	136	3	283	0	53	331
1526	2	336	57	8	1	229	0	784	12
1527	2	118	36	49	2	358	0	97	105
1528	2	218	71	216	5	427	0	270	553
1529	2	58	30	16	1	175	0	107	37
1530	2	79	29	44	3	243	5	58	94
1531	2	107	29	12	0	201	0	23	118
1532	2	94	6	7	1	309	0	2	8
1533	2	35	7	17	0	120	0	4	27
1534	2	13	7	6	0	36	0	30	6
1535	2	85	40	51	2	189	0	186	108
1536	2	55	35	61	3	170	0	36	177
1537	2	51	22	3	0	200	0	15	16
1538	2	104	6	16	8	255	18	2	40
1539	2	90	25	130	4	185	0	60	250
1540	2	54	14	8	0	175	0	31	11
1541	2	64	18	100	3	142	3	165	112
1542	2	155	47	7	1	155	0	412	4
1543	2	109	64	219	9	307	0	42	448
1544	2	3	2	13	0	10	0	3	22
1545	2	57	27	9	1	139	0	115	19
1546	2	61	32	5	1	160	0	145	2
1547	2	69	24	3	0	297	0	10	9
1548	2	79	23	8	2	330	0	24	17
1549	2	6	2	7	0	1	0	18	13
1550	2	50	2	4	0	143	0	2	10
1551	2	137	18	8	0	450	0	16	15
1552	2	141	27	101	16	256	0	119	168
1553	2	95	27	17	1	340	0	31	40
1554	2	104	60	105	4	482	0	64	157
1555	2	49	71	240	7	247	0	211	330
1556	2	72	33	6	1	271	0	62	17
1557	2	89	3	11	0	215	0	25	16
1558	2	238	30	11	6	133	0	488	34
1559	2	48	20	5	2	228	0	7	9
1560	2	62	30	18	3	251	0	15	48
1561	2	29	5	2	1	110	0	3	1
1562	2	32	7	23	2	83	0	7	48
1563	2	99	58	19	4	149	0	266	50
1564	2	72	12	37	7	174	0	23	87
1565	2	73	21	9	0	242	0	43	16
1566	2	69	30	54	3	228	0	77	52
1567	2	92	20	28	3	166	8	181	36
1568	2	69	28	37	3	244	0	71	43
1569	2	57	23	33	1	260	0	18	55
1570	2	222	33	60	1	235	0	424	61
1571	2	192	47	89	25	232	0	470	90
1572	2	47	13	52	2	142	0	60	65
1573	2	112	15	8	6	251	0	41	62
1574	2	145	36	86	2	300	0	174	128
1575	2	25	10	9	5	75	0	27	12
1576	2	15	4	13	2	85	0	5	12
1577	2	150	26	126	2	259	0	54	310
1578	2	69	50	1	1	418	0	14	5
1579	2	8	18	14	3	20	0	11	25
1580	2	60	39	16	1	219	0	93	34
1581	2	49	25	9	5	222	0	5	17
1582	2	140	60	7	3	170	3	448	4
1583	2	208	38	47	8	244	0	163	139
1584	2	147	63	80	4	422	0	164	147
1585	2	55	12	16	3	160	0	20	33
1586	2	80	10	18	1	191	0	51	23
1587	2	83	42	128	5	357	12	78	200
1588	2	106	49	279	9	186	0	262	432
1589	2	107	28	26	2	185	0	198	44
1590	2	155	40	18	0	400	0	145	40
1591	2	73	13	16	5	243	0	10	28
1592	2	58	31	117	4	126	0	34	252
1593	2	119	42	173	9	221	46	177	257
1594	2	72	7	90	1	170	0	23	130
1595	2	76	51	13	2	245	0	181	27
1596	2	151	69	26	1	187	0	109	96
1597	2	97	29	66	3	335	0	44	107
1598	2	196	81	122	5	336	0	391	214
1599	2	202	89	119	6	183	0	632	206
1600	2	82	8	10	0	247	0	16	14
1601	2	57	36	51	4	187	0	114	106
1602	2	121	58	281	6	169	0	128	524
1603	2	75	50	3	1	326	18	91	7
1604	2	128	36	53	3	284	0	152	80
1605	2	104	13	11	0	345	0	4	20
1606	2	107	14	17	0	299	0	31	26
1607	2	200	83	27	2	193	0	624	41
1608	2	85	43	122	5	229	0	142	193
1609	2	114	61	300	6	272	0	138	531
1610	2	88	25	8	0	290	0	56	17
1611	2	75	32	98	3	255	0	86	146
1612	2	99	60	134	5	183	0	384	142
1613	2	348	93	56	3	190	0	948	95
1614	2	96	44	84	2	397	0	117	100
1615	2	119	46	20	1	265	0	202	38
1616	2	90	30	30	1	225	0	125	60
1617	2	64	14	11	1	181	0	52	10
1618	2	53	18	11	1	227	2	5	19
1619	2	108	22	120	5	300	0	50	193
1620	2	106	33	93	17	303	0	46	145
1621	2	47	21	10	1	219	0	17	15
1622	2	50	57	80	6	62	0	178	188
1623	2	202	47	93	3	248	0	325	127
1624	2	72	33	1	1	340	0	17	9
1625	2	120	54	87	2	275	0	266	106
1626	2	71	19	63	7	25	10	85	85
1627	2	144	34	110	8	209	0	207	192
1628	2	89	6	33	0	195	0	17	84
1629	2	16	8	1	1	80	2	3	3
1630	2	87	20	20	2	272	0	30	31
1631	2	60	19	24	1	23	0	67	83
1632	2	97	49	4	1	227	0	230	1
1633	2	57	11	14	2	235	0	12	14
1634	2	50	24	38	3	182	0	55	58
1635	2	24	9	47	5	171	0	3	39
1636	2	2	2	7	1	5	0	2	15
1637	2	290	84	54	4	291	0	687	158
1638	2	90	47	100	2	449	0	48	116
1639	2	96	27	54	4	324	0	26	77
1640	2	18	2	1	0	53	0	9	1
1641	2	60	8	9	2	209	15	1	4
1642	2	60	56	61	2	201	0	41	207
1643	2	85	33	34	6	256	0	117	69
1644	2	57	33	11	1	247	0	69	23
1645	2	276	128	68	3	317	0	870	86
1646	2	61	40	88	11	92	0	220	134
1647	2	108	5	4	0	303	0	13	9
1648	2	98	27	12	0	149	0	40	28
1649	2	162	35	64	6	293	24	255	80
1650	2	80	44	131	4	392	0	25	209
1651	2	57	8	3	0	183	0	8	6
1652	2	41	19	90	17	203	0	19	125
1653	2	7	1	10	0	15	0	5	17
1654	2	197	64	81	4	306	0	402	150
1655	2	103	14	3	0	290	0	59	1
1656	2	87	63	9	6	340	0	193	14
1657	2	89	29	10	2	290	0	108	20
1658	2	57	5	8	1	166	0	16	15
1659	2	69	6	4	0	199	0	19	7
1660	2	105	39	28	4	309	11	144	44
1661	2	59	17	41	5	201	0	74	49
1662	2	62	14	2	1	229	0	9	5
1663	2	78	15	12	0	210	0	41	25
1664	2	51	12	1	0	215	0	3	2
1665	2	74	35	90	7	302	0	20	136
1666	2	108	39	207	32	225	24	174	330
1667	2	120	26	35	2	230	33	151	40
1668	2	51	18	2	1	207	0	30	6
1669	2	87	8	48	3	214	0	36	91
1670	2	52	18	20	2	248	0	17	19
1671	2	190	90	75	4	260	0	630	55
1672	2	61	23	1	1	293	0	18	3
1673	2	128	30	264	4	261	0	126	455
1674	2	105	34	76	4	197	29	90	174
1675	2	304	100	92	1	269	0	220	460
1676	2	161	31	45	3	241	0	65	123
1677	2	70	30	80	7	267	0	20	152
1678	2	70	41	114	3	358	0	17	159
1679	2	76	54	27	2	292	0	151	33
1680	2	160	34	21	18	367	0	143	48
1681	2	97	44	20	0	284	0	10	134
1682	2	60	13	9	1	219	15	1	16
1683	2	50	32	35	3	257	12	25	53
1684	2	230	47	144	4	364	0	230	348
1685	2	106	52	31	1	239	0	93	132
1686	2	79	29	6	1	354	10	5	10
1687	2	53	26	6	1	269	13	1	10
1688	2	112	56	46	6	230	0	149	111
1689	2	111	18	140	2	259	0	92	205
1690	2	110	63	30	3	436	0	170	25
1691	2	86	27	45	2	228	0	95	79
1692	2	26	19	1	0	150	6	8	3
1693	2	106	46	111	3	198	0	220	167
1694	2	82	31	19	1	249	0	10	89
1695	2	77	20	11	1	94	0	187	25
1696	2	86	2	10	1	215	13	1	17
1697	2	109	45	42	22	257	0	170	79
1698	2	46	39	96	5	204	0	56	166
1699	2	17	3	3	1	52	3	18	3
1700	2	2	2	12	6	22	0	1	18
1701	2	79	28	22	1	276	18	27	39
1702	2	119	17	42	2	330	5	65	76
1703	2	149	20	3	1	286	0	232	6
1704	2	64	37	39	6	304	0	68	51
1705	2	63	48	5	1	243	0	134	15
1706	2	63	29	21	4	240	0	95	15
1707	2	80	11	11	0	266	0	10	10
1708	2	68	14	4	1	255	0	4	5
1709	2	107	63	328	3	204	0	110	650
1710	2	46	22	113	3	402	13	20	78
1711	2	175	45	93	6	277	0	199	179
1712	2	73	40	3	1	187	0	171	2
1713	2	19	7	64	7	177	0	15	39
1714	2	88	13	9	0	213	0	70	14
1715	2	191	40	81	6	451	0	182	113
1716	2	126	26	229	2	290	0	118	383
1717	2	78	31	90	4	315	0	33	130
1718	2	105	28	40	1	277	0	128	65
1719	2	84	52	55	3	247	0	197	98
1720	2	30	27	4	0	166	0	21	10
1721	2	54	9	11	3	160	0	31	22
1722	2	78	11	15	1	185	0	75	23
1723	2	85	6	6	3	161	0	82	13
1724	2	43	19	68	2	225	13	40	61
1725	2	200	50	77	5	296	0	337	140
1726	2	120	52	87	2	256	0	295	102
1727	2	89	7	12	2	264	0	11	21
1728	2	395	136	19	2	278	0	1225	54
1729	2	88	35	16	1	146	0	214	27
1730	2	65	12	103	2	161	0	64	150
1731	2	41	33	80	4	396	0	35	29
1732	2	94	10	6	0	302	0	3	15
1733	2	39	25	7	1	195	0	27	11
1734	2	86	37	91	14	262	0	30	168
1735	2	114	55	173	18	179	0	205	268
1736	2	48	31	3	1	272	0	10	9
1737	2	153	17	43	19	189	10	243	82
1738	2	5	2	4	0	11	0	13	6
1739	2	195	42	113	6	219	0	192	267
1740	2	91	31	76	1	230	0	133	118
1741	2	106	25	36	1	296	0	181	27
1742	2	61	27	12	3	139	0	107	26
1743	2	67	7	6	0	203	0	13	11
1744	2	160	36	136	4	290	0	240	173
1745	2	101	54	130	3	235	0	170	211
1746	2	123	26	65	4	293	0	27	106
1747	2	168	75	73	5	265	0	516	67
1748	2	52	25	59	2	257	6	34	75
1749	2	103	29	16	1	221	0	124	42
1750	2	49	3	3	0	125	0	8	8
1751	2	98	32	10	7	346	0	78	12
1752	2	119	42	17	3	217	0	145	50
1753	2	36	22	40	4	222	0	19	45
1754	2	134	17	76	1	282	0	30	180
1755	2	128	32	243	2	286	0	150	375
1756	2	73	11	8	1	275	0	8	13
1757	2	63	15	6	0	207	0	18	22
1758	2	88	64	212	4	272	0	75	410
1759	2	61.84	36.25	105.6	5.15	392.38	0	54.6	152.62
1760	2	111	42	35	7	253	0	151	54
1761	2	65	44	26	1	300	0	52	42
1762	2	132	92	234	5	283	5	288	433
1763	2	11	4	6	3	47	0	2	13
1764	2	21	7	54	4	44	0	8	103
1765	2	140	62	58	4	416	0	208	114
1766	2	63	36	68	3	220	0	89	105
1767	2	101	68	342	10	380	0	76	640
1768	2	10	4	6	0	34	0	23	2
1769	2	70	47	46	4	211	0	149	68
1770	2	236	25	13	1	213	0	453	29
1771	2	90	31	12	3	313	0	35	39
1772	2	25	41	6	1	216	15	18	8
1773	2	90	31	5	1	261	0	112	10
1774	2	101	37	13	1	194	0	203	23
1775	2	44	34	14	2	246	12	21	22
1776	2	80	24	16	2	193	0	104	25
1777	2	67	29	19	1	325	0	26	11
1778	2	49	15	48	1	188	0	12	75
1779	2	99	10	55	2	135	0	35	120
1780	2	45	26	3	1	241	0	13	3
1781	2	12	10	45	3	21	0	9	101
1782	2	65	5	7	0	186	0	13	14
1783	2	153	30	99	3	257	0	155	167
1784	2	44	18	1	0	129	0	72	2
1785	2	5	1	110	1	208	0	50	23
1786	2	53	19	25	1	196	0	31	37
1787	2	155	107	96	6	96	0	588	169
1788	2	66	30	9	1	247	0	65	16
1789	2	53	29	185	6	117	0	29	356
1790	2	43	21	134	5	206	0	62	172
1791	2	62	6	5	1	193	0	3	12
1792	2	94	79	82	2	296	0	244	146
1793	2	100	27	18	4	350	0	29	38
1794	2	105	48	41	3	365	0	158	63
1795	2	67	47	2	1	414	0	21	6
1796	2	210	65	21	13	298	0	416	74
1797	2	103	62	313	7	224	0	123	568
1798	2	106	73	60	4	336	0	284	106
1799	2	49	15	19	1	205	0	19	18
1800	2	53	24	4	1	203	0	31	16
1801	2	87	11	41	2	248	0	20	63
1802	2	70	19	11	4	284	0	16	10
1803	2	88	12	17	1	270	0	34	24
1804	2	50	15	66	2	156	10	66	93
1805	2	49	51	45	4	273	0	77	71
1806	2	70	39	42	0	234	0	96	66
1807	2	113	34	36	9	363	0	96	55
1808	2	89	33	15	1	235	0	131	23
1809	2	91	22	28	3	143	0	201	55
1810	2	43	42	141	3	274	0	208	55
1811	2	21	12	12	4	110	5	6	15
1812	2	198	38	147	3	304	5	329	220
1813	2	79	29	4	0	354	0	4	10
1814	2	59	32	42	1	345	0	16	66
1815	2	64	16	8	0	224	0	10	15
1816	2	110	36	21	3	261	0	99	38
1817	2	50	20	2	0	215	2.4	15	3
1818	2	91	33	19	1	254	0	65	57
1819	2	104	55	277	7	230	0	205	440
1820	2	57	7	32	2	166	0	48	29
1821	4	81	44	187	12	276	0	210	221
1822	4	165	49	180	5	415	0	121	303
1823	4	58	15	10	3	170	0	33	10
1824	4	57	27	9	0	296	1.2	8	5
1825	4	1	2	3	0	3	0	2	7
1826	4	79	51	35	3	318	13	86	43
1827	4	108	58	93	4	537	0	59	127
1828	4	61	13	1	0	224	0	3	4
1829	4	194	22	39	22	346	0	296	34
1830	4	58	16	36	8	117	0	63	66
A	3	94	38	37	12	384	0	53	70
B	3	85	30	7	0	426	0	11	5
C	3	53	17	53	2	123	0	171	28
D	3	42	19	2	0	210	0	18	3
E	3	150	55	85	3	340	0	275	130
F	3	125	16	35	3	290	0	80	50
G	3	47	13	56	2	150	0	70	80
H	3	55	20	8	0	243	0	7	12
K	3	65	33	94	4	226	11	86	135
J	3	59	10	18	2	184	0	21	28
1841	1	73	10	2	1	246	15	1	4
1842	1	50	23	2	2	238	0	11	4
1843	1	118	31	43	1	332	0	86	74
1844	1	55	24	7	1	174	0	102	13
1845	1	118	16	26	1	267	17	73	50
1846	1	81	40	7	1	262	0	78	32
1847	1	78	16	6	0	178	0	91	10
1848	1	151	37	83	3	290	0	276	117
1849	1	65	20	11	1	240	0	25	25
1850	1	44	25	19	3	173	0	42	37
1851	1	176	75	48	3	179	0	532	117
1852	1	72	37	43	2	154	0	94	142
1853	1	73	31	31	1	247	0	79	48
1854	1	208	75	97	3	101	0	440	232
1855	1	139	53	24	2	271	0	230	59
1856	1	60	28	55	2	253	0	29	89
1857	1	110	38	106	6	286	0	143	166
1858	1	85	30	56	2	274	0	53	110
1859	1	50	38	4	0	300	0	23	6
1860	1	145	49	2	1	428	0	218	7
1861	1	88	54	192	7	187	0	83	458
1862	1	56	9	4	1	154	4	35	9
1863	1	154	32	111	0	252	0	170	197
1864	1	68	12	5	0	242	0	3	11
1865	1	1	2	12	0	3	0	4	20
1866	1	57	32	152	5	138	16	53	287
1867	1	89	7	5	1	219	0	48	8
1868	1	122	36	76	9	257	0	186	106
1869	1	77	10	10	0	250	0	10	15
1870	1	60	11	6	0	213	0	11	7
1871	1	59	11	25	4	180	24	1	37
1872	1	99	15	16	6	293	0	51	16
1873	1	62	20	4	0	241	0	17	9
1874	1	135	31	69	2	299	0	127	140
1875	1	65	23	8	2	265	0	17	12
1876	1	61	20	29	1	266	0	15	49
1877	1	40	6	1	1	122	0	17	2
1878	1	74	33	115	3	310	0	21	169
1879	1	43	66	57	11	286	0	148	81
1880	1	72	59	40	3	279	0	211	21
1881	1	107	45	38	1	289	0	116	79
1882	1	83	45	187	28	278	38	96	289
1883	1	100	10	8	0	286	0	26	13
1884	1	116	43	45	5	298	0	155	93
1885	1	1	6	15	1	15	0	8	23
1886	1	102	28	20	0	376	0	8	42
1887	1	185	65	35	4	290	0	410	45
1888	1	75	35	8	1	234	0	23	21
1889	1	93	19	13	5	243	0	92	18
1890	1	65	13	7	1	200	0	24	18
1891	1	50	13	15	9	14	0	31	68
1892	1	236	53	106	2	134	0	577	128
1893	1	53	17	74	10	290	6	45	71
1894	1	35	28	8	1	199	0	29	14
1895	1	58	15	5	1	225	0	18	10
1896	1	74	22	15	3	168	0	104	32
1897	1	37	38	13	1	217	0	49	40
1898	1	160	63	93	2	418	0	126	166
1899	1	58	18	2	1	241	0	5	4
1900	1	45	34	37	2	263	0	38	18
1901	1	70	7	4	0	239	0	7	5
1902	1	106	14	10	1	275	0	20	39
1903	1	91	40	59	2	395	0	44	92
1904	1	126	48	200	7	384	0	101	308
1905	1	62	9	9	0	187	0	14	20
1906	1	14	2	6	0	43	0	6	9
1907	1	67	20	2	0	233	0	40	5
1908	1	75	30	46	4	178	0	42	116
1909	1	58	28	18	1	255	2	40	13
1910	1	36	35	8	0	230	0	5	1
1911	1	81	18	100	3	210	0	65	158
1912	1	47	31	12	1	246	8	14	26
1913	1	102	26	1	0	300	0	88	6
1914	1	176	56	67	3	372	0	182	167
1915	1	27	17	23	2	122	4	21	34
1916	1	80	25	18	0	285	0	40	30
1917	1	59	18	11	1	228	0	38	19
1918	1	170	20	10	2	365	0	175	30
1919	1	39	9	20	2	171	0	23	16
1920	1	44	46	49	2	285	0	42	73
1921	1	65	37	2	1	376	5	10	4
1922	1	99	75	21	1	427	0	189	24
1923	1	49	11	14	10	208	3	11	9
1924	1	71	13	19	6	261	0	15	12
1925	1	63	29	42	7	165	5	119	69
1926	1	124	38	11	2	282	8	185	28
1927	1	62	10	9	1	201	0	29	11
1928	1	202	53	54	2	215	0	344	110
1929	1	240	45	9	2	216	0	584	8
1930	1	60	49	63	2	340	0	54	87
1931	1	143	32	98	1	352	0	184	104
1932	1	170	82	113	7	396	0	320	190
1933	1	82	18	19	1	219	0	58	40
1934	1	65	42	142	5	200	0	42	304
1935	1	66	28	2	1	292	0	24	3
1936	1	32	16	15	12	172	0	14	14
1937	1	79	12	5	0	181	0	13	12
1938	1	226	55	244	2	450	0	238	410
1939	1	153	29	16	1	384	0	47	49
1940	1	38	8	5	1	136	0	20	6
1941	1	58	20	11	2	170	0	24	45
1942	1	82	50	84	5	123	9	277	112
1943	1	80	9	4	2	270	0	14	9
1944	1	91	47	6	0	404	0	61	13
1945	1	27	12	17	0	120	0	9	26
1946	1	131	9	6	0	274	0	12	19
1947	1	71	23	13	0	250	0	45	22
1948	1	100	33	272	56	314	0	292	295
1949	1	60	3	5	0	125	0	36	10
1950	1	99	35	96	3	254	0	114	179
1951	1	51	21	5	0	239	0	6	6
1952	1	321	57	254	3	214	0	819	352
1953	1	107	68	25	3	287	0	281	37
1954	1	80	16	5	10	259	0	33	14
1955	1	131	38	13	2	413	0	100	46
1956	1	325	137	13	5	150	0	1189	34
1957	1	123	87	212	4	270	0	704	85
1958	1	93	27	11	1	286	0	40	18
1959	1	188	72	66	3	232	0	318	184
1960	1	63	26	26	1	232	0	43	46
1961	1	96	19	22	1	273	0	70	20
1962	1	130	44	66	4	305	0	135	118
1963	1	59	29	11	2	142	0	125	21
1964	1	95	34	7	1	288	0	117	15
1965	1	56	5	4	1	130	0	35	16
1966	1	114	28	27	2	196	10	214	37
1967	1	158	44	10	0	129	0	292	16
1968	1	123	25	47	4	307	0	154	91
1969	1	57	3	4	0	167	0	2	11
1970	1	70	26	422	6	614	0	190	284
1971	1	60	13	4	1	201	0	21	6
1972	1	75	52	2	1	432	0	30	3
1973	1	113	45	13	1	320	0	128	32
1974	1	360	34	36	0	287	0	790	3
1975	1	73	31	17	2	233	0	67	39
1976	1	108	24	31	2	366	0	41	42
1977	1	98	21	21	1	251	0	41	59
1978	1	50	12	44	2	205	0	21	49
1979	1	86	13	49	3	308	0	15	60
1980	1	53	47	115	6	16	0	3	360
1981	1	108	44	81	3	370	0	259	59
1982	1	98	34	114	25	175	28	153	230
1983	1	88	24	15	1	188	0	78	42
1984	1	49	22	6	1	244	8	1	12
1985	1	78	38	38	5	228	22	103	56
1986	1	83	38	101	7	307	0	25	158
1987	1	164	74	35	36	398	0	356	58
1988	1	40	17	3	1	175	0	9	12
1989	1	98	3	11	0	223	0	18	18
1990	1	196	80	141	4	358	0	360	298
1991	1	80	15	84	5	104	0	53	138
1992	1	47	29	81	4	181	0	33	127
1993	1	76	27	6	1	195	0	100	13
1994	1	38	8	5	1	113	9	9	9
1995	1	100	41	84	3	266	0	91	159
1996	1	180	58	17	2	248	0	412	39
1997	1	124	19	33	3	230	0	112	77
1998	1	70	7	2	0	235	0	6	5
1999	1	114	41	40	4	274	0	113	48
2000	1	167	19	178	6	373	0	49	361
2001	1	67	89	170	2	288	3	69	380
2002	1	51	3	4	0	146	0	2	10
2003	1	97	18	43	4	325	0	34	77
2004	1	96	28	3	2	342	0	37	5
2005	1	66	23	11	1	218	0	47	28
2006	1	144	16	102	3	271	4	61	182
2007	1	69	15	10	2	239	0	16	25
2008	1	106	33	4	0	320	0	148	5
2009	1	139	48	69	3	584	0	77	105
2010	1	50	5	5	0	133	2	13	12
2011	1	76	47	141	6	225	0	78	268
2012	1	80	19	9	2	212	0	95	18
2013	1	56	16	162	16	204	0	10	260
2014	1	52	24	18	2	203	0	10	36
2015	1	69	38	3	0	370	0	5	5
2016	1	59	12	15	1	211	8	1	28
2017	1	100	33	23	11	362	0	17	63
2018	1	40	39	100	5	198	0	27	178
2019	1	124	30	65	2	389	0	70	116
2020	1	99	53	7	2	110	0	355	22
2021	1	47	11	4	0	160	0	31	8
2022	1	129	32	5	1	231	0	230	9
2023	1	90	77	19	5	423	0	170	25
2024	1	64	16	4	1	243	5	16	8
2025	1	63	18	10	0	235	0	20	16
2026	1	66	14	7	0	253	0	1	8
2027	1	92	29	123	17	217	0	225	107
2028	1	95	56	55	2	519	0	10	93
2029	1	113	49	32	3	214	17	248	61
2030	1	115	64	160	5	488	0	89	298
2031	1	135	30	166	15	301	0	195	210
2032	1	101	4	16	0	268	0	9	30
2033	1	88	15	5	1	264	0	24	10
2034	1	114	44	58	1	311	0	236	84
2035	1	86	2	8	0	234	0	17	8
2036	1	83	5	29	2	271	0	0	34
2037	1	131	21	12	2	215	0	209	19
2038	1	145	56	13	2	334	0	218	55
2039	1	47	15	9	1	180	0	5	17
2040	1	102	28	38	1	194	0	160	69
2041	1	122	27	4	1	204	0	242	3
2042	1	74	20	55	2	287	0	52	51
2043	1	53	37	164	88	103	0	152	229
2044	1	148	76	76	3	230	19	360	120
2045	1	78	45	37	5	237	0	150	88
2046	1	90	17	11	1	189	0	26	67
2047	1	71	12	1	1	250	0	5	2
2048	1	26	4	4	1	73	0	25	5
2049	1	100	47	36	4	310	0	73	78
2050	1	124	20	52	3	75	0	226	114
2051	1	44	16	2	0	154	0	48	6
2052	1	183	64	82	9	222	0	326	154
2053	1	66	14	16	9	230	0	8	20
2054	1	37	23	20	1	218	0	8	32
2055	1	97	38	19	1	284	0	126	56
2056	1	6	3	17	0	44	0	3	16
2057	1	96	35	60	4	285	0	139	60
2058	1	77	9	2	1	259	0	5	6
2059	1	81	23	20	1	169	0	96	47
2060	1	93	23	34	5	299	0	37	66
2061	1	43	27	57	6	278	0	64	32
2062	1	40	43	7	6	193	0	76	25
2063	1	88	26	15	0	264	0	64	25
2064	1	191	31	217	4	335	5	111	445
2065	1	27	10	12	1	126	0	4	15
2066	1	61	28	84	3	185	0	122	104
2067	1	81	25	9	4	354	5	10	11
2068	1	102	34	74	3	354	0	35	128
2069	1	121	27	33	2	110	0	247	53
2070	1	72	37	25	0	300	0	29	29
2071	1	114	47	16	2	287	0	172	27
2072	1	80	15	54	3	236	0	49	93
2073	1	67	29	28	2	195	0	115	31
2074	1	212	23	10	1	285	0	316	15
2075	1	79	6	3	2	262	0	3	7
2076	1	118	17	91	10	336	0	70	137
2077	1	72	3	9	2	194	0	13	18
2078	1	106	28	29	4	154	0	151	40
2079	1	43	25	8	1	211	0	7	10
2080	1	136	60	80	4	334	0	225	124
2081	1	76	20	62	9	201	0	107	68
2082	1	27	12	21	4	201	0	5	4
2083	1	85	4	19	1	222	0	15	37
2084	1	76	55	359	6	145	0	174	590
2085	1	68	26	22	0	273	0	45	34
2086	1	72	6	6	0	222	0	12	8
2087	1	47	26	10	0	212	0	14	23
2088	1	92	41	97	1	306	0	74	166
2089	1	95	15	10	1	305	0	12	24
2090	1	51	20	42	2	185	0	83	46
2091	1	120	15	13	1	200	0	53	48
2092	1	86	33	8	1	264	0	99	18
2093	1	29	12	4	1	125	0	10	7
2094	1	215	57	57	7	208	0	530	73
2095	1	92	39	106	6	370	0	18	173
2096	1	81	12	102	2	358	0	16	86
2097	1	108	33	49	2	201	0	164	106
2098	1	105	32	84	1	154	0	55	154
2099	1	152	72	18	2	199	0	476	52
2100	1	43	5	13	0	127	0	15	15
2101	1	170	29	14	12	191	0	322	40
2102	1	50	3	4	0	150	0	4	7
2103	1	140	98	35	27	354	15	380	56
2104	1	83	42	154	5	111	0	118	262
2105	1	84	3	10	0	173	0	8	27
2106	1	40	27	2	1	205	7	22	2
2107	1	124	92	110	5	240	0	256	205
2108	1	35	31	7	1	191	0	44	14
2109	1	116	46	207	15	356	0	40	350
2110	1	82	21	15	6	186	0	116	30
2111	1	53	14	17	1	227	0	33	13
2112	1	53	49	205	15	164	0	90	320
2113	1	103	3	22	4	229	0	25	41
2114	1	78	29	7	1	332	5	17	12
2115	1	37	4	2	1	95	0	22	5
2116	1	16	6	19	1	45	0	41	22
2117	1	70	36	100	4	332	0	18	135
2118	1	73	26	39	6	250	0	72	57
2119	1	114	35	21	2	234	0	159	60
2120	1	63	9	18	4	207	0	2	21
2121	1	228	89	120	4	234	0	430	203
2122	1	31	15	1	0	151	0	17	3
2123	1	60	26	5	0	285	0	2	11
2124	1	39	15	21	1	190	0	1	22
2125	1	56	20	4	0	203	0	18	9
2126	1	73	28	13	2	244	0	72	17
2127	1	41	20	17	1	187	0	13	30
2128	1	157	89	35	5	490	0	297	64
2129	1	67	12	34	1	162	0	63	41
2130	1	48	6	5	0	166	0	5	8
2131	1	160	29	15	2	298	0	226	24
2132	1	144	57	151	3	183	0	316	260
2133	1	73	8	3	0	224	0	20	6
2134	1	69	19	48	2	230	0	26	72
2135	1	93	18	27	1	190	0	105	62
2136	1	61	34	2	0	316	0	20	1
2137	1	108	68	72	5	270	0	212	131
2138	1	278	63	94	4	165	0	762	123
2139	1	106	30	141	4	175	0	245	227
2140	1	55	20	11	5	187	0	25	32
2141	1	121	43	73	3	444	0	60	119
2142	1	95	19	77	2	374	0	52	73
2143	1	95	5	10	0	270	0	7	10
2144	1	83	45	13	4	358	5	62	23
2145	1	84	10	24	2	249	13	10	43
2146	1	102	56	130	2	147	0	412	179
2147	1	126	11	17	2	329	0	54	25
2148	1	95	22	18	1	240	0	93	28
25	1	17.1	3.18	105	2.8	53	0	20	166
26	1	55	16	56	2	290	0	2	42
27	1	85	27	19	0	396	0	46	37
28	1	69.9	26.1	12.6	0.4	311	0	11.4	19.4
29	1	42	1	0.1	0	120	0	1	4
30	1	84.9	2.83	2.2	0.3	242	0	6.64	4.19
31	1	6.44	0.98	1.6	0.4	23.8	0	0.38	0.6
32	1	57	30	4	0	330	0	2	3
33	1	61	17	41	0	222	0	26	59
34	1	18	8	8	0	103	0	4	2
35	1	88	19	7	1	350	0	20	2
36	1	86	24	30	1	320	0	27	44
37	1	40.3	29.6	24.7	1.7	209	0	42	41.2
38	1	20.7	12.8	585	50.9	1766	0	3.25	25.8
39	1	75.1	16.5	83.8	1.5	250	0	36.9	141
40	1	10	4	49	2	174	0	5	4
41	1	79.5	41	2	0.4	391	0	29.1	4.59
42	1	50.1	24.7	1.9	0.2	244	0	15.6	2.79
43	1	69	32	4	0	342	0	18	7
44	1	73.5	10.8	14.5	4.2	228	0	56.8	8.3
45	1	4.97	0.017	16.9	0.4	30.1	0	18.7	2.97
46	1	32.5	2.25	76	1.2	249	0	8.77	31.1
47	1	102	41.7	40.7	2.2	299	0	154	64.2
48	1	8.36	2.22	28.8	0.9	95.6	0	4.12	8.06
49	1	1	2	5	0	12	0	1	8
50	1	51.4	3.13	10.4	0.9	142	0	15.9	19.9
51	1	65	17	10	0	198	0	61	8
52	1	38.7	9.05	13.4	1.1	143	0	14.6	16
53	1	0.924	0.528	2.6	0.2	1	0	0.72	4.59
54	1	64	36	8	1	334	0	25	12
55	1	42	1	0.1	0	128	0	1	1
56	1	74	6	4	1	251	0	2	1